id = 999
editor = JSAG

### Experiment

collaboration = CLAS
process = ep2epgamma
exptype = fixed target
year = 2025
reference = arXiv:9999.99999
inspiretex = Alvarado:2026saf


### Scattering Process

frame = Trento

in1particle = em
in1energy = 10.6
in1energyunit = GeV
in1polarizationvector = L
in1polarization = +1

in2particle = p

out1particle = em
out2particle = p
out3particle = gamma


### Observable 
# A_{LU}


y1name = ALU
y1namelong = Beam Spin Asymmetry
y1unit = 1
y1value = column5
y1errorstatistic = column6 
y1errorsystematic = column7 


### x-axes

x1name = Q2
x1unit = GeV^2
x1value = column1

x2name = xB
x2unit = 1
x2value = column2

x3name = tm
x3unit = GeV^2
x3value = column3

x4name = phi
x4unit = deg
x4value = column4

### Data
#
#  CLAS 2026 ALU
#                               error
# Q2    xB    -t   phi  ALU   stat  syst
#########################################
1.191 0.088 0.791671 14.0 0.0172 0.0070 0.0005
1.254 0.090 0.593553 32.9 0.0599 0.0050 0.0018
1.262 0.088 0.540689 52.6 0.0890 0.0100 0.0032
1.230 0.092 0.641006 75.9 0.0431 0.0324 0.0112
1.241 0.097 0.658011 99.9 0.1103 0.0744 0.0150
1.277 0.092 0.558194 125.2 0.1516 0.0494 0.0185
1.290 0.091 0.550847 147.0 -0.0598 0.0389 0.0115
1.253 0.092 0.568924 168.6 0.0505 0.0338 0.0172
1.235 0.096 0.573255 190.0 0.0250 0.0448 0.0146
1.255 0.093 0.588943 213.6 -0.0878 0.0586 0.0304
1.263 0.088 0.598909 237.1 -0.1059 0.0506 0.0226
1.284 0.091 0.551066 259.6 -0.0570 0.0411 0.0091
1.245 0.098 0.576296 281.9 -0.1718 0.0272 0.0148
1.266 0.087 0.522742 307.4 -0.0848 0.0101 0.0023
1.257 0.090 0.5941 327.1 -0.0570 0.0050 0.0022
1.189 0.087 0.791467 346.0 -0.0276 0.0070 0.0008
1.156 0.111 0.301798 14.6 0.0672 0.0097 0.0037
1.250 0.097 0.318911 34.7 0.1231 0.0054 0.0036
1.266 0.087 0.313492 53.3 0.1344 0.0076 0.0042
1.239 0.081 0.302892 73.6 0.1258 0.0225 0.0048
1.265 0.101 0.305329 104.3 0.2156 0.0578 0.0061
1.271 0.095 0.309914 125.1 0.1276 0.0336 0.0039
1.260 0.094 0.312178 146.8 0.0619 0.0246 0.0075
1.250 0.095 0.312351 168.6 -0.0181 0.0240 0.0045
1.238 0.097 0.313319 189.7 -0.0748 0.0342 0.0033
1.230 0.098 0.316167 212.3 -0.0213 0.0536 0.0113
1.258 0.090 0.326054 237.9 -0.1121 0.0442 0.0035
1.236 0.095 0.324278 259.4 -0.1197 0.0344 0.0042
1.237 0.089 0.311131 284.5 -0.1738 0.0189 0.0051
1.262 0.088 0.313637 306.6 -0.1375 0.0076 0.0042
1.249 0.097 0.318631 325.3 -0.1227 0.0054 0.0040
1.155 0.111 0.301719 345.5 -0.0754 0.0097 0.0043
1.216 0.107 0.204032 12.0 0.0464 0.0070 0.0015
1.263 0.097 0.206819 34.1 0.1210 0.0058 0.0034
1.263 0.087 0.206377 54.0 0.1480 0.0072 0.0042
1.248 0.082 0.202684 75.1 0.1468 0.0157 0.0044
1.235 0.094 0.200982 101.2 0.1856 0.0358 0.0085
1.247 0.096 0.206066 124.9 0.1671 0.0282 0.0056
1.236 0.095 0.206658 146.6 0.0860 0.0235 0.0051
1.228 0.094 0.20744 168.5 0.0334 0.0229 0.0042
1.224 0.096 0.205826 189.8 -0.0565 0.0299 0.0061
1.217 0.101 0.204804 211.6 -0.0906 0.0493 0.0051
1.268 0.096 0.211208 236.1 -0.2017 0.0611 0.0060
1.220 0.089 0.208918 261.1 -0.1865 0.0387 0.0076
1.237 0.084 0.20429 284.4 -0.1648 0.0153 0.0053
1.263 0.088 0.206441 306.1 -0.1660 0.0072 0.0049
1.265 0.098 0.206883 325.8 -0.1231 0.0058 0.0036
1.220 0.107 0.204316 347.9 -0.0496 0.0070 0.0016
1.258 0.103 0.142567 11.6 0.0531 0.0066 0.0019
1.275 0.095 0.143219 33.9 0.1231 0.0060 0.0034
1.262 0.088 0.143089 54.4 0.1686 0.0073 0.0046
1.248 0.085 0.141983 76.1 0.1674 0.0134 0.0053
1.224 0.093 0.140902 100.1 0.1918 0.0265 0.0072
1.233 0.098 0.142012 124.5 0.2144 0.0269 0.0062
1.228 0.096 0.142951 146.4 0.0949 0.0240 0.0051
1.233 0.096 0.142818 168.5 0.0372 0.0231 0.0014
1.232 0.097 0.142594 190.0 -0.0415 0.0286 0.0050
1.228 0.102 0.143309 211.7 -0.1572 0.0448 0.0047
1.202 0.102 0.139958 234.5 -0.1173 0.0776 0.0117
1.212 0.079 0.13955 262.9 -0.0853 0.0403 0.0079
1.253 0.084 0.142107 284.3 -0.1642 0.0142 0.0050
1.264 0.088 0.14308 305.6 -0.1641 0.0074 0.0050
1.275 0.095 0.143056 326.1 -0.1173 0.0061 0.0036
1.259 0.103 0.142634 348.4 -0.0501 0.0066 0.0021
1.278 0.098 0.0922435 11.4 0.0480 0.0050 0.0020
1.276 0.093 0.0926479 33.7 0.1204 0.0049 0.0036
1.256 0.088 0.0927934 54.8 0.1513 0.0060 0.0047
1.240 0.086 0.0914934 76.8 0.1546 0.0094 0.0044
1.223 0.091 0.0899902 99.9 0.1733 0.0156 0.0049
1.247 0.098 0.091153 124.0 0.1697 0.0177 0.0063
1.252 0.098 0.0926688 146.4 0.1123 0.0173 0.0039
1.256 0.098 0.0924089 168.6 0.0681 0.0172 0.0020
1.242 0.098 0.0916615 190.2 -0.0110 0.0207 0.0021
1.233 0.101 0.0909255 212.4 -0.1365 0.0301 0.0041
1.186 0.093 0.0871016 236.1 -0.1396 0.0375 0.0074
1.218 0.081 0.089084 262.0 -0.1542 0.0209 0.0080
1.245 0.084 0.091656 283.6 -0.1785 0.0101 0.0051
1.259 0.087 0.0928811 305.2 -0.1517 0.0060 0.0045
1.279 0.093 0.0927897 326.4 -0.1086 0.0050 0.0034
1.277 0.098 0.0922188 348.6 -0.0452 0.0050 0.0015
1.276 0.093 0.0537659 11.2 0.0428 0.0049 0.0017
1.264 0.090 0.0539846 33.5 0.0960 0.0051 0.0029
1.243 0.087 0.0538814 55.1 0.1360 0.0062 0.0042
1.231 0.086 0.053452 77.4 0.1551 0.0087 0.0052
1.215 0.088 0.0528712 100.0 0.1480 0.0127 0.0046
1.211 0.094 0.0527076 123.1 0.1495 0.0163 0.0058
1.203 0.097 0.0531777 145.9 0.0940 0.0182 0.0034
1.214 0.098 0.05355 168.7 0.0676 0.0191 0.0057
1.216 0.097 0.0533992 190.7 -0.0408 0.0208 0.0018
1.211 0.096 0.0524483 213.5 -0.0750 0.0242 0.0045
1.206 0.088 0.0517624 237.2 -0.1318 0.0231 0.0073
1.224 0.083 0.0523878 260.8 -0.1459 0.0149 0.0066
1.246 0.084 0.0534169 282.8 -0.1537 0.0091 0.0048
1.250 0.086 0.0540254 304.9 -0.1294 0.0064 0.0037
1.266 0.089 0.0540028 326.6 -0.1007 0.0051 0.0029
1.276 0.093 0.0538011 348.7 -0.0365 0.0049 0.0013
1.218 0.085 0.023014 11.1 0.0214 0.0039 0.0007
1.212 0.084 0.0228212 33.3 0.0795 0.0042 0.0032
1.205 0.084 0.0220367 55.6 0.0999 0.0049 0.0037
1.200 0.084 0.0208958 77.9 0.1273 0.0060 0.0045
1.194 0.084 0.0197295 100.5 0.1296 0.0074 0.0039
1.183 0.085 0.0187564 123.1 0.1080 0.0091 0.0054
1.183 0.086 0.0183201 145.9 0.0980 0.0102 0.0037
1.179 0.087 0.0179194 168.6 0.0367 0.0111 0.0049
1.181 0.086 0.0176152 191.4 -0.0342 0.0112 0.0021
1.184 0.085 0.017227 214.1 -0.0690 0.0106 0.0034
1.192 0.083 0.017691 236.9 -0.1057 0.0094 0.0036
1.197 0.082 0.0189168 259.6 -0.1198 0.0076 0.0037
1.207 0.083 0.0205811 282.1 -0.1256 0.0061 0.0047
1.211 0.084 0.0219791 304.5 -0.1075 0.0050 0.0045
1.213 0.084 0.0227476 326.7 -0.0702 0.0042 0.0025
1.218 0.085 0.0230043 348.9 -0.0275 0.0040 0.0010
1.232 0.147 0.622041 13.6 0.0319 0.0047 0.0010
1.347 0.137 0.610613 29.9 0.0934 0.0095 0.0038
1.257 0.143 0.685548 54.9 0.1091 0.0177 0.0113
1.253 0.143 0.678626 77.4 0.0988 0.0327 0.0069
1.275 0.144 0.653298 101.1 0.0302 0.0478 0.0202
1.299 0.141 0.626497 124.0 0.0376 0.0585 0.0247
1.320 0.141 0.617754 146.9 0.1965 0.0525 0.0280
1.295 0.141 0.621971 169.4 -0.0849 0.0421 0.0188
1.277 0.142 0.615617 190.4 0.0140 0.0431 0.0152
1.283 0.144 0.628899 213.3 0.0463 0.0467 0.0103
1.264 0.144 0.644689 235.8 0.0025 0.0483 0.0181
1.311 0.141 0.653895 260.3 -0.0755 0.0536 0.0320
1.305 0.140 0.631084 283.1 -0.0257 0.0301 0.0189
1.268 0.145 0.60608 304.1 -0.1262 0.0164 0.0112
1.347 0.137 0.583193 330.2 -0.0945 0.0097 0.0064
1.233 0.147 0.622958 346.3 -0.0338 0.0046 0.0019
1.309 0.136 0.324915 10.2 0.0370 0.0055 0.0019
1.428 0.129 0.324937 29.0 0.1419 0.0122 0.0070
1.285 0.141 0.336914 55.2 0.0779 0.0591 0.0127
1.275 0.148 0.317183 80.2 0.0884 0.0587 0.0161
1.308 0.143 0.308304 101.8 0.0773 0.0501 0.0125
1.345 0.137 0.310932 124.5 0.2499 0.0635 0.0136
1.363 0.138 0.309355 147.4 0.1291 0.0497 0.0149
1.346 0.138 0.308137 169.3 -0.0101 0.0439 0.0116
1.313 0.141 0.315136 190.1 -0.0034 0.0403 0.0148
1.297 0.141 0.313633 212.4 -0.0973 0.0549 0.0128
1.284 0.145 0.312395 235.9 -0.1648 0.0594 0.0205
1.282 0.142 0.32148 259.8 -0.2124 0.0496 0.0066
1.291 0.139 0.324322 282.6 -0.2486 0.0353 0.0089
1.263 0.141 0.328789 304.1 -0.2207 0.0245 0.0115
1.406 0.130 0.327154 330.3 -0.1278 0.0117 0.0051
1.310 0.136 0.326179 349.8 -0.0440 0.0056 0.0019
1.379 0.132 0.211998 10.0 0.0553 0.0083 0.0020
1.438 0.133 0.208978 30.1 0.1223 0.0155 0.0054
1.323 0.150 0.19881 55.2 0.2060 0.0414 0.0142
1.309 0.145 0.201637 79.6 0.2427 0.0405 0.0235
1.315 0.142 0.202395 101.9 0.1747 0.0417 0.0173
1.349 0.140 0.203858 124.1 0.2030 0.0422 0.0185
1.344 0.140 0.206062 146.8 0.1199 0.0368 0.0172
1.330 0.139 0.206236 168.5 -0.0219 0.0344 0.0114
1.311 0.141 0.205798 190.4 0.0598 0.0384 0.0090
1.301 0.141 0.205026 213.1 -0.1048 0.0479 0.0192
1.271 0.142 0.205935 235.3 -0.2651 0.0588 0.0174
1.302 0.145 0.2096 259.3 -0.0183 0.0579 0.0169
1.279 0.141 0.217482 281.6 -0.1673 0.0519 0.0278
1.306 0.136 0.220888 302.6 -0.2517 0.0511 0.0193
1.483 0.126 0.212458 330.2 -0.0974 0.0176 0.0037
1.390 0.130 0.212405 350.3 -0.0473 0.0086 0.0019
1.381 0.135 0.145411 10.7 0.0388 0.0115 0.0026
1.366 0.139 0.143182 31.7 0.1537 0.0170 0.0063
1.305 0.146 0.141176 55.8 0.2521 0.0270 0.0222
1.321 0.143 0.142389 78.2 0.3146 0.0296 0.0201
1.326 0.141 0.142298 101.5 0.2916 0.0335 0.0132
1.339 0.140 0.142141 123.7 0.1746 0.0343 0.0135
1.338 0.139 0.142785 146.0 0.0781 0.0328 0.0082
1.324 0.140 0.143017 169.0 -0.0216 0.0302 0.0104
1.320 0.141 0.14377 190.7 -0.0205 0.0336 0.0131
1.304 0.142 0.142891 212.9 -0.1175 0.0396 0.0158
1.287 0.143 0.142772 234.9 -0.1552 0.0505 0.0235
1.267 0.147 0.142048 257.1 -0.2622 0.0598 0.0136
1.307 0.153 0.140321 280.1 -0.2238 0.0737 0.0178
1.362 0.150 0.138965 305.8 -0.2672 0.0853 0.0119
1.476 0.131 0.145405 329.9 -0.1090 0.0237 0.0072
1.408 0.133 0.145773 350.1 -0.0312 0.0125 0.0038
1.329 0.140 0.0941872 11.0 0.0528 0.0118 0.0035
1.302 0.143 0.0929594 33.0 0.1434 0.0140 0.0094
1.302 0.143 0.0916552 55.8 0.2333 0.0171 0.0114
1.315 0.142 0.0916004 78.4 0.2494 0.0191 0.0073
1.325 0.141 0.09155 101.2 0.2602 0.0208 0.0097
1.334 0.140 0.0921018 123.6 0.1912 0.0221 0.0098
1.333 0.139 0.0925384 145.9 0.1472 0.0230 0.0097
1.328 0.140 0.0930723 168.8 0.0390 0.0229 0.0031
1.322 0.141 0.0926043 191.1 -0.0285 0.0250 0.0079
1.312 0.142 0.0917862 213.1 -0.1499 0.0281 0.0102
1.304 0.143 0.091758 236.0 -0.2080 0.0314 0.0115
1.282 0.145 0.0907367 258.4 -0.3279 0.0359 0.0109
1.281 0.149 0.089232 280.9 -0.2152 0.0373 0.0098
1.273 0.151 0.0882763 304.3 -0.2608 0.0353 0.0191
1.347 0.142 0.0921976 328.6 -0.1295 0.0217 0.0061
1.353 0.138 0.0942449 350.0 -0.0253 0.0132 0.0021
1.293 0.142 0.0544882 11.4 0.0344 0.0143 0.0039
1.293 0.142 0.054226 33.4 0.1520 0.0147 0.0068
1.307 0.141 0.0536681 55.9 0.2562 0.0158 0.0109
1.321 0.141 0.0536443 78.5 0.2095 0.0173 0.0062
1.332 0.140 0.0541966 101.0 0.2135 0.0192 0.0068
1.332 0.139 0.0539131 123.5 0.1939 0.0205 0.0062
1.336 0.139 0.0541368 145.9 0.0959 0.0223 0.0028
1.327 0.140 0.0540562 168.6 0.0757 0.0228 0.0039
1.319 0.141 0.0538462 190.9 -0.0204 0.0242 0.0070
1.317 0.141 0.0536816 213.5 -0.0858 0.0258 0.0040
1.307 0.142 0.0535469 236.1 -0.1534 0.0280 0.0063
1.300 0.142 0.0531898 258.6 -0.1982 0.0291 0.0123
1.288 0.144 0.0529158 281.6 -0.2698 0.0270 0.0081
1.286 0.145 0.0529779 304.3 -0.2239 0.0249 0.0117
1.283 0.144 0.0533467 327.2 -0.1323 0.0202 0.0054
1.295 0.142 0.0543666 349.4 -0.0393 0.0158 0.0028
1.295 0.136 0.0297282 11.3 0.0252 0.0181 0.0027
1.299 0.136 0.0295192 33.7 0.1769 0.0177 0.0089
1.315 0.136 0.0294826 56.2 0.1904 0.0184 0.0078
1.321 0.135 0.0292259 78.6 0.1731 0.0190 0.0053
1.336 0.135 0.0290547 100.9 0.2073 0.0202 0.0088
1.336 0.135 0.0290816 123.3 0.2285 0.0216 0.0087
1.336 0.136 0.0285712 146.2 0.1227 0.0228 0.0046
1.328 0.135 0.0285711 168.6 0.0786 0.0241 0.0033
1.329 0.136 0.0285613 191.0 -0.0256 0.0254 0.0034
1.323 0.136 0.0284065 213.6 -0.1199 0.0261 0.0064
1.321 0.137 0.0284265 236.2 -0.2113 0.0261 0.0091
1.313 0.137 0.0282582 258.8 -0.1899 0.0257 0.0063
1.303 0.137 0.028466 281.5 -0.2381 0.0246 0.0116
1.302 0.137 0.0287464 304.1 -0.1492 0.0230 0.0071
1.300 0.137 0.0292996 326.9 -0.1712 0.0208 0.0063
1.325 0.193 0.686032 9.6 0.0195 0.0044 0.0016
1.280 0.209 0.759173 34.4 0.0611 0.0131 0.0067
1.269 0.211 0.724423 55.2 0.0700 0.0173 0.0073
1.269 0.218 0.706595 77.9 0.0263 0.0249 0.0159
1.278 0.217 0.692013 100.7 0.0560 0.0261 0.0081
1.247 0.219 0.666849 122.4 0.0310 0.0416 0.0186
1.285 0.216 0.686605 146.2 -0.0199 0.0518 0.0160
1.310 0.208 0.646975 169.3 -0.0134 0.0519 0.0109
1.298 0.208 0.652652 191.2 0.0152 0.0451 0.0099
1.273 0.212 0.655155 214.2 0.0027 0.0437 0.0140
1.289 0.216 0.675464 236.8 -0.0154 0.0312 0.0105
1.251 0.219 0.687033 259.4 -0.0225 0.0295 0.0108
1.262 0.220 0.689521 282.2 -0.0799 0.0251 0.0140
1.288 0.212 0.668769 304.9 -0.0584 0.0157 0.0153
1.302 0.210 0.670334 325.4 -0.0723 0.0122 0.0175
1.320 0.192 0.689697 350.3 -0.0144 0.0045 0.0021
1.305 0.213 0.315898 9.6 0.0421 0.0126 0.0026
1.334 0.224 0.301735 31.8 0.0979 0.0228 0.0161
1.313 0.226 0.307864 56.7 0.1021 0.0286 0.0165
1.274 0.223 0.315169 79.1 0.0696 0.0295 0.0132
1.260 0.225 0.31831 101.2 0.0447 0.0298 0.0075
1.251 0.224 0.322567 123.8 0.0294 0.0307 0.0147
1.254 0.221 0.319141 145.7 0.0772 0.0335 0.0150
1.272 0.220 0.319218 169.2 -0.0471 0.0351 0.0085
1.262 0.217 0.319314 191.1 -0.0053 0.0328 0.0129
1.246 0.223 0.318009 213.5 0.0356 0.0338 0.0213
1.264 0.223 0.324209 236.1 -0.0403 0.0334 0.0150
1.260 0.220 0.325415 259.0 -0.0296 0.0293 0.0189
1.259 0.218 0.328271 281.7 -0.0723 0.0281 0.0177
1.249 0.212 0.336574 303.5 -0.1013 0.0246 0.0187
1.269 0.217 0.332662 323.6 -0.0902 0.0333 0.0215
1.319 0.217 0.316452 352.9 -0.0428 0.0170 0.0135
1.301 0.208 0.207837 10.8 0.0589 0.0139 0.0031
1.302 0.214 0.204978 32.8 0.1304 0.0179 0.0213
1.289 0.219 0.204883 55.6 0.1526 0.0234 0.0221
1.275 0.221 0.206027 78.7 0.1256 0.0271 0.0304
1.245 0.222 0.206347 101.0 0.1334 0.0308 0.0214
1.242 0.224 0.206422 123.4 0.1363 0.0337 0.0183
1.270 0.220 0.204671 145.7 -0.0163 0.0351 0.0123
1.274 0.220 0.205272 169.2 0.0085 0.0330 0.0069
1.269 0.218 0.205896 191.5 -0.0052 0.0336 0.0204
1.266 0.220 0.206161 213.5 -0.0542 0.0348 0.0210
1.255 0.223 0.205694 235.8 -0.0810 0.0354 0.0237
1.275 0.223 0.206287 258.9 -0.1338 0.0361 0.0220
1.280 0.221 0.207235 281.0 -0.0694 0.0355 0.0302
1.314 0.226 0.204687 303.7 -0.1129 0.0369 0.0184
1.316 0.225 0.201206 328.1 -0.1473 0.0290 0.0296
1.296 0.213 0.206586 350.8 -0.0461 0.0166 0.0213
1.304 0.207 0.144626 11.1 0.0855 0.0160 0.0053
1.303 0.210 0.144519 33.2 0.1294 0.0183 0.0140
1.285 0.214 0.143828 55.7 0.2042 0.0227 0.0197
1.278 0.216 0.143558 78.6 0.1665 0.0266 0.0122
1.274 0.218 0.143907 100.9 0.1409 0.0303 0.0132
1.266 0.218 0.144566 123.4 0.1054 0.0335 0.0100
1.284 0.216 0.143797 145.9 0.0285 0.0350 0.0060
1.285 0.216 0.144166 168.8 0.0769 0.0338 0.0081
1.288 0.216 0.144407 191.0 0.0042 0.0339 0.0087
1.264 0.218 0.143981 213.8 -0.0985 0.0351 0.0182
1.259 0.219 0.14468 236.0 -0.0158 0.0368 0.0093
1.269 0.220 0.144511 258.6 -0.0666 0.0352 0.0113
1.289 0.222 0.143486 280.9 -0.1906 0.0356 0.0145
1.290 0.219 0.14232 304.4 -0.1711 0.0313 0.0134
1.292 0.216 0.143012 327.3 -0.1238 0.0246 0.0129
1.302 0.209 0.144278 349.9 -0.0735 0.0179 0.0116
1.319 0.203 0.0941625 11.0 0.0543 0.0166 0.0021
1.310 0.204 0.0942416 33.4 0.1127 0.0171 0.0064
1.309 0.206 0.0941225 55.7 0.1695 0.0200 0.0095
1.299 0.208 0.0932417 78.6 0.1593 0.0233 0.0126
1.301 0.210 0.0932256 101.0 0.1775 0.0259 0.0058
1.304 0.211 0.0930109 123.4 0.1185 0.0287 0.0083
1.300 0.211 0.0929289 146.1 0.0761 0.0300 0.0093
1.310 0.209 0.0929655 168.7 0.0600 0.0297 0.0049
1.300 0.210 0.0938511 191.0 -0.0454 0.0295 0.0060
1.295 0.212 0.0933695 213.3 -0.0466 0.0307 0.0096
1.297 0.213 0.0921924 236.3 -0.0805 0.0316 0.0098
1.293 0.213 0.0926982 258.9 -0.2270 0.0294 0.0204
1.299 0.213 0.0927042 281.7 -0.1552 0.0285 0.0118
1.301 0.211 0.0929055 304.5 -0.1666 0.0249 0.0065
1.312 0.208 0.093474 326.7 -0.1207 0.0204 0.0086
1.312 0.204 0.0942023 349.4 -0.0659 0.0174 0.0061
1.308 0.192 0.0567479 11.1 0.0458 0.0253 0.0066
1.308 0.192 0.056642 33.6 0.1106 0.0270 0.0045
1.302 0.193 0.0564532 55.8 0.2117 0.0280 0.0114
1.295 0.194 0.0567129 78.4 0.2103 0.0318 0.0136
1.297 0.195 0.0565144 101.0 0.1966 0.0334 0.0100
1.298 0.196 0.0562053 123.2 0.1471 0.0357 0.0066
1.296 0.196 0.0559047 145.9 -0.0345 0.0381 0.0038
1.290 0.196 0.0561242 168.8 0.0084 0.0374 0.0122
1.291 0.195 0.0556952 190.9 -0.0660 0.0372 0.0142
1.287 0.198 0.0557293 213.5 -0.0710 0.0376 0.0173
1.297 0.197 0.0555049 236.4 -0.1019 0.0377 0.0088
1.293 0.198 0.0565325 259.1 -0.2379 0.0371 0.0189
1.287 0.196 0.055776 281.3 -0.2369 0.0407 0.0081
1.293 0.195 0.0559155 304.0 -0.1997 0.0316 0.0071
1.299 0.194 0.0563715 326.5 -0.1404 0.0288 0.0083
1.307 0.193 0.0564553 349.2 -0.0657 0.0256 0.0066
1.303 0.178 0.0348949 10.5 0.0017 0.0884 0.0080
1.301 0.178 0.03496 55.8 0.1690 0.0838 0.0263
1.302 0.178 0.0348817 102.0 0.2688 0.0985 0.0464
1.286 0.178 0.0348725 123.3 0.0784 0.0998 0.0119
1.312 0.178 0.0348737 147.3 0.0045 0.0995 0.0078
1.293 0.179 0.0349513 169.0 0.0763 0.0965 0.0604
1.289 0.178 0.0349276 190.1 0.1338 0.1040 0.0122
1.313 0.179 0.0350033 214.0 -0.1913 0.0995 0.0391
1.298 0.178 0.0347838 236.9 -0.3197 0.0880 0.0324
1.273 0.178 0.0349444 258.8 -0.1879 0.0938 0.0177
1.255 0.179 0.0349445 281.7 -0.2109 0.0896 0.0163
1.294 0.178 0.0350009 325.9 -0.1744 0.1056 0.0142
1.297 0.177 0.0349604 349.4 -0.1268 0.0753 0.0250
1.448 0.295 0.57883 9.4 0.0304 0.0302 0.0148
1.443 0.292 0.713873 34.1 0.0003 0.0299 0.0240
1.447 0.292 0.691901 56.1 0.0348 0.0320 0.0128
1.454 0.294 0.63944 78.8 0.0932 0.0312 0.0289
1.450 0.294 0.63144 101.3 0.0095 0.0311 0.0207
1.455 0.293 0.581444 122.7 0.0481 0.0332 0.0061
1.477 0.290 0.509687 143.8 0.0180 0.0504 0.0251
1.518 0.285 0.48079 168.0 -0.0350 0.0739 0.0318
1.512 0.286 0.487779 192.4 -0.0274 0.0718 0.0281
1.480 0.291 0.510476 214.7 0.0599 0.0509 0.0131
1.459 0.293 0.602727 237.5 -0.0531 0.0353 0.0331
1.449 0.293 0.645964 258.9 -0.0137 0.0306 0.0243
1.445 0.293 0.651871 281.8 -0.0758 0.0297 0.0228
1.440 0.292 0.673084 304.0 -0.0291 0.0258 0.0246
1.439 0.291 0.727256 325.8 0.0050 0.0252 0.0205
1.445 0.294 0.622238 349.9 -0.0347 0.0332 0.0245
1.434 0.292 0.318451 11.1 0.0609 0.0309 0.0044
1.440 0.294 0.314044 33.0 0.0251 0.0371 0.0192
1.441 0.295 0.312893 55.9 0.0647 0.0440 0.0115
1.428 0.294 0.318421 78.3 0.0188 0.0447 0.0254
1.425 0.294 0.316728 101.6 0.0940 0.0529 0.0262
1.420 0.294 0.319177 123.8 0.0429 0.0454 0.0197
1.416 0.294 0.318106 145.8 0.0910 0.0459 0.0355
1.437 0.295 0.311954 167.8 0.1452 0.0522 0.0307
1.446 0.295 0.314283 191.4 -0.0585 0.0491 0.0271
1.417 0.294 0.321676 213.6 -0.0269 0.0482 0.0332
1.433 0.295 0.31756 236.0 0.0703 0.0518 0.0201
1.424 0.293 0.32361 258.6 -0.0322 0.0480 0.0275
1.427 0.293 0.322816 281.3 -0.0084 0.0467 0.0263
1.427 0.293 0.321796 302.8 -0.0827 0.0513 0.0276
1.443 0.295 0.311537 326.9 -0.0728 0.0498 0.0349
1.433 0.293 0.318508 349.9 -0.0291 0.0346 0.0366
1.429 0.292 0.209173 11.4 -0.0423 0.0438 0.0164
1.430 0.291 0.209303 33.4 0.0914 0.0470 0.0173
1.423 0.293 0.208668 56.1 0.0947 0.0500 0.0239
1.433 0.293 0.2071 78.4 0.0548 0.0527 0.0061
1.434 0.295 0.206648 101.8 0.0981 0.0557 0.0201
1.429 0.293 0.206266 123.9 0.0869 0.0605 0.0199
1.425 0.292 0.210122 146.5 0.0836 0.0646 0.0112
1.412 0.293 0.206599 168.5 0.0556 0.0660 0.0159
1.431 0.294 0.210426 191.6 -0.0013 0.0619 0.0304
1.419 0.293 0.206484 213.5 -0.0704 0.0676 0.0224
1.428 0.294 0.206311 236.4 -0.0335 0.0654 0.0197
1.434 0.294 0.206833 259.0 0.0090 0.0606 0.0199
1.428 0.294 0.205199 281.6 -0.1151 0.0641 0.0163
1.441 0.295 0.204966 303.6 -0.0786 0.0615 0.0219
1.427 0.293 0.205558 327.3 -0.0603 0.0535 0.0290
1.426 0.292 0.208674 349.8 -0.0133 0.0463 0.0154
1.432 0.291 0.145572 10.2 0.0020 0.0612 0.0008
1.427 0.290 0.143881 33.9 0.1703 0.0562 0.0228
1.424 0.290 0.144505 56.4 0.2319 0.0650 0.0238
1.416 0.291 0.144408 78.7 0.0016 0.0683 0.0222
1.423 0.291 0.144339 101.5 0.1789 0.0670 0.0165
1.420 0.292 0.144203 123.5 0.0698 0.0820 0.0092
1.423 0.293 0.141284 146.7 0.0252 0.0908 0.0055
1.429 0.292 0.14396 168.7 -0.0118 0.0826 0.0168
1.435 0.293 0.143154 192.1 0.0203 0.0772 0.0166
1.445 0.293 0.142838 213.1 0.0370 0.0802 0.0444
1.422 0.293 0.142905 235.8 -0.0931 0.0757 0.0349
1.437 0.294 0.143678 259.1 -0.0314 0.0694 0.0223
1.444 0.293 0.14296 280.7 -0.1798 0.0939 0.0338
1.418 0.291 0.143749 304.5 -0.1833 0.0739 0.0276
1.414 0.289 0.144407 327.3 -0.0316 0.0639 0.0201
1.431 0.291 0.143469 349.4 -0.0814 0.0597 0.0184
1.399 0.285 0.104336 10.4 0.0276 0.0924 0.0112
1.391 0.283 0.104301 55.9 0.0928 0.0888 0.0126
1.410 0.284 0.102489 78.8 0.1862 0.0933 0.0304
1.398 0.285 0.104341 101.3 0.1718 0.0930 0.0266
1.403 0.283 0.103161 123.6 0.1789 0.0979 0.0365
1.389 0.285 0.102548 145.9 -0.0600 0.1056 0.0243
1.406 0.284 0.102209 168.2 -0.0846 0.1081 0.0308
1.400 0.286 0.103671 189.7 0.0624 0.1115 0.0121
1.419 0.285 0.104479 213.8 -0.1103 0.1048 0.0199
1.402 0.284 0.103978 236.5 -0.0535 0.0992 0.0278
1.393 0.284 0.103179 258.6 -0.2660 0.0877 0.0397
1.390 0.286 0.10244 281.5 -0.2352 0.1079 0.0224
1.405 0.285 0.103364 304.7 -0.0967 0.0832 0.0348
1.394 0.285 0.103784 325.6 0.0496 0.0950 0.0245
1.403 0.285 0.104 349.0 -0.0501 0.0898 0.0215
1.717 0.110 0.914432 15.1 0.0174 0.0241 0.0037
1.713 0.112 0.643806 34.5 0.0604 0.0113 0.0021
1.722 0.112 0.541928 52.0 0.0888 0.0203 0.0050
1.716 0.111 0.664107 73.4 -0.1277 0.1268 0.0110
1.741 0.114 0.614313 126.9 0.3478 0.1732 0.0192
1.727 0.113 0.632016 145.4 0.0090 0.1265 0.0239
1.707 0.112 0.595795 167.9 -0.3220 0.1426 0.0210
1.701 0.113 0.650558 189.4 -0.0455 0.2521 0.0278
1.775 0.114 0.714218 218.1 0.2998 0.2895 0.0147
1.747 0.114 0.550954 237.9 -0.8732 0.2650 0.0286
1.709 0.113 0.633721 260.0 -0.3486 0.1176 0.0309
1.705 0.112 0.531885 282.2 0.0463 0.1161 0.0091
1.721 0.112 0.537925 308.1 -0.0988 0.0203 0.0053
1.712 0.112 0.642864 325.6 -0.0811 0.0114 0.0021
1.718 0.110 0.91115 344.7 -0.0079 0.0235 0.0030
1.698 0.114 0.316235 37.8 0.1331 0.0150 0.0036
1.714 0.112 0.314045 54.2 0.1766 0.0168 0.0059
1.733 0.110 0.299295 72.0 0.1896 0.0540 0.0075
1.724 0.114 0.309744 105.6 0.2709 0.1282 0.0173
1.716 0.112 0.317057 124.8 0.0126 0.0671 0.0118
1.719 0.112 0.317376 146.4 0.1106 0.0598 0.0102
1.722 0.112 0.314453 168.2 0.0902 0.0630 0.0086
1.711 0.113 0.316954 188.6 -0.0902 0.0879 0.0115
1.764 0.111 0.327377 216.6 0.0348 0.1587 0.0081
1.745 0.111 0.32628 237.7 -0.1225 0.1147 0.0153
1.715 0.113 0.330234 258.4 -0.1930 0.0950 0.0093
1.728 0.111 0.3054 286.6 -0.1186 0.0518 0.0052
1.713 0.112 0.315135 306.1 -0.1475 0.0168 0.0068
1.699 0.114 0.316515 322.1 -0.1210 0.0154 0.0029
1.615 0.119 0.275 338.2 0.3453 0.5865 0.0130
1.639 0.118 0.190197 17.1 0.0213 0.0541 0.0082
1.697 0.114 0.206112 36.0 0.1413 0.0150 0.0040
1.710 0.113 0.206139 54.6 0.1449 0.0169 0.0041
1.726 0.110 0.203743 73.6 0.1739 0.0380 0.0055
1.687 0.113 0.199936 102.2 0.3159 0.1317 0.0178
1.704 0.113 0.207806 124.5 0.1019 0.0842 0.0080
1.721 0.112 0.210453 146.0 0.1311 0.0815 0.0128
1.711 0.112 0.20904 168.9 0.0822 0.0820 0.0089
1.700 0.112 0.20311 189.6 0.0403 0.1088 0.0080
1.698 0.113 0.211055 212.7 -0.1694 0.1710 0.0332
1.738 0.112 0.208479 237.7 -0.0730 0.1715 0.0163
1.710 0.114 0.21563 254.9 -0.2841 0.1442 0.0119
1.725 0.111 0.202548 286.2 -0.1116 0.0396 0.0058
1.708 0.112 0.207087 305.7 -0.1693 0.0168 0.0068
1.695 0.114 0.206454 323.8 -0.1165 0.0152 0.0046
1.640 0.118 0.189066 342.7 -0.0428 0.0549 0.0030
1.670 0.117 0.138948 12.9 0.0176 0.0396 0.0012
1.701 0.114 0.142615 34.6 0.1161 0.0141 0.0029
1.706 0.112 0.143263 54.9 0.1544 0.0170 0.0044
1.721 0.111 0.142075 75.4 0.1820 0.0320 0.0057
1.682 0.113 0.142496 102.2 0.2866 0.1139 0.0113
1.701 0.114 0.146195 125.1 0.1426 0.0827 0.0148
1.717 0.113 0.145593 146.7 0.1452 0.0720 0.0076
1.721 0.112 0.144978 168.7 0.1015 0.0651 0.0060
1.706 0.113 0.143794 189.1 -0.0433 0.0794 0.0067
1.676 0.114 0.1394 210.8 -0.2323 0.1592 0.0156
1.746 0.115 0.146 234.8 -0.1109 0.2480 0.0031
1.711 0.109 0.137899 264.0 -0.4126 0.1386 0.0338
1.721 0.111 0.141308 284.8 -0.1843 0.0331 0.0042
1.707 0.112 0.143101 305.4 -0.1951 0.0170 0.0049
1.703 0.114 0.142537 325.4 -0.1391 0.0142 0.0037
1.667 0.117 0.139058 346.8 -0.0134 0.0217 0.0031
1.699 0.115 0.0903577 11.8 0.0475 0.0117 0.0026
1.708 0.113 0.093185 33.4 0.1061 0.0111 0.0027
1.706 0.112 0.0929538 55.0 0.1651 0.0142 0.0043
1.719 0.111 0.0922347 76.0 0.1966 0.0233 0.0051
1.702 0.111 0.0888472 98.1 0.1104 0.0579 0.0033
1.677 0.115 0.0950845 125.9 0.2594 0.0779 0.0086
1.702 0.114 0.0953694 146.8 0.1362 0.0648 0.0042
1.699 0.113 0.09582 168.8 -0.0032 0.0611 0.0037
1.701 0.114 0.0946593 188.9 -0.0040 0.0690 0.0041
1.681 0.115 0.089243 211.0 0.1490 0.1185 0.0068
1.645 0.114 0.0905771 234.1 -0.2919 0.2726 0.0086
1.722 0.109 0.0878802 263.9 -0.1196 0.0643 0.0061
1.720 0.111 0.0926274 283.9 -0.1374 0.0232 0.0034
1.708 0.113 0.0933194 305.0 -0.1509 0.0141 0.0045
1.708 0.113 0.093096 326.5 -0.0938 0.0111 0.0025
1.702 0.115 0.0904544 348.3 -0.0354 0.0118 0.0013
1.707 0.113 0.0541739 11.1 0.0263 0.0112 0.0026
1.705 0.112 0.0543532 33.0 0.0963 0.0124 0.0034
1.709 0.112 0.0540825 55.0 0.1126 0.0157 0.0044
1.718 0.111 0.0535944 77.0 0.1690 0.0227 0.0050
1.723 0.109 0.0515455 98.6 0.2075 0.0417 0.0062
1.702 0.107 0.0488158 119.2 0.1487 0.1304 0.0049
1.653 0.103 0.0475 144.7 0.5661 0.4971 0.0091
1.718 0.108 0.0480107 240.6 -0.2282 0.1150 0.0070
1.731 0.110 0.0521244 261.6 -0.1226 0.0426 0.0044
1.718 0.111 0.0533703 283.0 -0.1542 0.0216 0.0048
1.709 0.112 0.0541347 304.6 -0.1322 0.0152 0.0052
1.704 0.112 0.0541845 326.9 -0.0944 0.0126 0.0033
1.709 0.113 0.0541062 348.9 -0.0254 0.0113 0.0015
1.704 0.112 0.0268331 11.0 0.0305 0.0134 0.0052
1.704 0.112 0.0266163 33.4 0.0776 0.0145 0.0034
1.708 0.111 0.025969 55.6 0.1102 0.0170 0.0097
1.713 0.111 0.0252325 77.7 0.1352 0.0205 0.0076
1.713 0.110 0.0234605 100.0 0.1534 0.0282 0.0098
1.717 0.109 0.0211568 122.4 0.0547 0.0403 0.0055
1.712 0.109 0.019023 145.5 0.0578 0.0539 0.0090
1.719 0.109 0.0176461 169.0 0.0884 0.0657 0.0091
1.709 0.108 0.0177519 191.8 -0.0438 0.0697 0.0064
1.712 0.109 0.0188118 214.7 -0.1284 0.0541 0.0106
1.713 0.109 0.0211385 237.6 -0.1218 0.0409 0.0056
1.717 0.110 0.0237932 260.2 -0.1527 0.0275 0.0071
1.711 0.111 0.0257991 282.0 -0.1483 0.0204 0.0077
1.705 0.111 0.0260628 304.3 -0.1076 0.0168 0.0066
1.704 0.112 0.0266673 326.7 -0.0752 0.0146 0.0067
1.704 0.112 0.0270495 349.0 -0.0102 0.0134 0.0036
1.823 0.154 0.599849 16.4 0.0528 0.0099 0.0026
1.980 0.142 0.611621 32.4 0.0953 0.0055 0.0028
2.031 0.138 0.565448 51.9 0.1096 0.0134 0.0038
1.935 0.144 0.712833 76.4 0.2312 0.0442 0.0094
1.976 0.147 0.582952 102.9 0.2085 0.0533 0.0119
2.001 0.144 0.566934 124.5 0.1305 0.0417 0.0128
1.972 0.143 0.590587 146.9 0.0590 0.0336 0.0096
1.954 0.144 0.600378 168.6 0.0158 0.0313 0.0100
1.939 0.146 0.598301 189.8 0.0206 0.0399 0.0134
1.956 0.146 0.590556 213.7 -0.1416 0.0559 0.0093
2.025 0.142 0.603955 237.4 -0.0111 0.0510 0.0158
1.981 0.144 0.623079 260.1 -0.1399 0.0363 0.0179
1.910 0.145 0.619351 281.9 -0.1949 0.0264 0.0102
2.022 0.139 0.55259 307.7 -0.0985 0.0130 0.0073
1.979 0.142 0.607624 327.5 -0.0932 0.0055 0.0025
1.823 0.154 0.605436 343.5 -0.0458 0.0100 0.0026
1.900 0.152 0.307485 12.2 0.0518 0.0073 0.0019
1.983 0.141 0.315611 33.2 0.1236 0.0063 0.0031
2.038 0.136 0.312517 52.5 0.1442 0.0116 0.0045
2.021 0.140 0.297967 75.3 0.2167 0.0455 0.0083
1.975 0.148 0.309311 102.9 0.1455 0.0386 0.0056
1.970 0.144 0.311831 124.5 0.1423 0.0307 0.0086
1.954 0.144 0.314898 146.1 0.0773 0.0276 0.0043
1.948 0.144 0.312735 168.1 0.0314 0.0271 0.0039
1.952 0.146 0.315517 190.3 -0.0639 0.0344 0.0082
1.937 0.146 0.313388 212.6 -0.0251 0.0500 0.0112
2.008 0.143 0.318516 237.2 -0.1440 0.0540 0.0066
1.985 0.143 0.323099 259.2 -0.2388 0.0398 0.0066
1.956 0.142 0.320547 283.2 -0.2531 0.0315 0.0089
2.032 0.137 0.31427 307.2 -0.1615 0.0114 0.0052
1.982 0.141 0.31545 326.8 -0.1286 0.0062 0.0034
1.901 0.152 0.307633 347.8 -0.0557 0.0073 0.0017
1.949 0.145 0.205479 11.5 0.0560 0.0063 0.0018
1.997 0.139 0.207709 32.8 0.1258 0.0067 0.0030
2.036 0.135 0.206872 53.2 0.1577 0.0115 0.0037
2.074 0.136 0.203106 74.1 0.1833 0.0336 0.0051
2.003 0.148 0.203821 102.9 0.2314 0.0492 0.0055
1.963 0.145 0.203572 123.9 0.2326 0.0400 0.0044
1.957 0.144 0.205757 146.1 0.1789 0.0378 0.0067
1.967 0.145 0.206182 168.4 0.0423 0.0398 0.0056
1.954 0.146 0.204878 189.6 -0.0800 0.0495 0.0050
1.962 0.151 0.206188 210.9 -0.2551 0.0738 0.0232
2.017 0.152 0.204091 235.4 -0.5534 0.1486 0.0132
2.126 0.139 0.213818 260.9 -0.0770 0.1267 0.0079
2.078 0.132 0.20426 286.4 -0.1948 0.0368 0.0048
2.036 0.135 0.206858 306.9 -0.1682 0.0115 0.0037
1.996 0.139 0.207589 327.2 -0.1333 0.0066 0.0033
1.950 0.145 0.205549 348.5 -0.0459 0.0063 0.0016
1.975 0.141 0.143603 11.1 0.0525 0.0064 0.0014
1.999 0.138 0.14406 32.4 0.1077 0.0075 0.0026
2.023 0.135 0.143523 53.6 0.1497 0.0126 0.0038
2.038 0.138 0.141164 75.6 0.2298 0.0296 0.0050
1.963 0.148 0.140957 102.1 0.2638 0.0411 0.0062
1.951 0.146 0.141639 123.9 0.2421 0.0374 0.0053
1.943 0.145 0.142642 146.2 0.1699 0.0359 0.0041
1.949 0.145 0.143458 168.7 0.0291 0.0382 0.0033
1.951 0.146 0.143481 190.3 -0.0913 0.0473 0.0025
1.972 0.150 0.141239 211.5 -0.1787 0.0661 0.0082
1.962 0.157 0.140864 232.7 -0.2794 0.1294 0.0113
2.013 0.150 0.134289 258.3 -0.2611 0.3150 0.0440
2.072 0.132 0.142266 286.3 -0.1292 0.0343 0.0033
2.025 0.135 0.143307 306.4 -0.1588 0.0124 0.0040
2.000 0.138 0.144247 327.5 -0.1172 0.0074 0.0030
1.975 0.141 0.143821 348.9 -0.0299 0.0064 0.0010
1.987 0.138 0.094512 10.9 0.0364 0.0059 0.0017
1.992 0.137 0.0945223 32.6 0.0976 0.0071 0.0026
1.999 0.137 0.0936391 54.5 0.1511 0.0106 0.0038
1.966 0.142 0.0914339 77.3 0.2185 0.0174 0.0066
1.909 0.148 0.0914769 101.4 0.1941 0.0208 0.0064
1.906 0.146 0.0926064 123.8 0.2148 0.0207 0.0060
1.920 0.146 0.0923918 146.3 0.1289 0.0203 0.0034
1.935 0.145 0.0925653 168.7 0.0585 0.0208 0.0026
1.931 0.145 0.0922377 190.4 -0.0794 0.0233 0.0027
1.925 0.149 0.0918243 212.8 -0.1183 0.0301 0.0037
1.901 0.151 0.0890941 234.9 -0.2130 0.0400 0.0084
1.921 0.148 0.0888855 259.3 -0.2065 0.0494 0.0064
2.038 0.134 0.091741 284.4 -0.1668 0.0231 0.0045
2.019 0.134 0.0939845 306.1 -0.1252 0.0109 0.0032
1.999 0.136 0.0946407 327.4 -0.1182 0.0070 0.0034
1.990 0.138 0.0945404 349.1 -0.0332 0.0059 0.0011
1.980 0.136 0.0551901 10.8 0.0406 0.0079 0.0022
1.984 0.136 0.0549372 32.8 0.0896 0.0092 0.0040
1.987 0.137 0.0545097 54.8 0.1278 0.0126 0.0048
1.955 0.141 0.053726 77.8 0.1647 0.0177 0.0057
1.900 0.145 0.0540244 100.8 0.2031 0.0216 0.0063
1.892 0.146 0.0543743 123.9 0.1898 0.0230 0.0081
1.911 0.146 0.0544703 146.5 0.0931 0.0230 0.0041
1.911 0.145 0.0544632 168.5 0.0320 0.0229 0.0037
1.916 0.145 0.0542719 190.6 -0.0184 0.0254 0.0031
1.916 0.147 0.053583 213.0 -0.1211 0.0299 0.0054
1.911 0.149 0.0528662 235.7 -0.1742 0.0363 0.0083
1.947 0.145 0.052464 259.8 -0.1967 0.0335 0.0064
2.010 0.136 0.053503 283.2 -0.1541 0.0217 0.0052
2.005 0.134 0.0546091 305.4 -0.1224 0.0131 0.0053
1.988 0.135 0.0550766 327.1 -0.1049 0.0093 0.0035
1.981 0.135 0.0552864 349.0 -0.0306 0.0080 0.0014
1.957 0.133 0.0304515 11.1 0.0320 0.0118 0.0022
1.960 0.133 0.0301723 33.3 0.0841 0.0132 0.0030
1.964 0.134 0.0296893 55.5 0.1250 0.0158 0.0030
1.953 0.136 0.0292631 78.1 0.1267 0.0195 0.0038
1.920 0.138 0.0288711 101.0 0.1586 0.0234 0.0050
1.895 0.140 0.0290818 123.1 0.1401 0.0264 0.0052
1.868 0.140 0.0293523 146.1 0.1071 0.0283 0.0049
1.881 0.142 0.0297299 168.6 0.0400 0.0288 0.0044
1.887 0.141 0.0294618 191.2 0.0197 0.0310 0.0034
1.892 0.142 0.0289582 213.5 -0.0844 0.0307 0.0056
1.921 0.140 0.0282849 236.3 -0.1224 0.0311 0.0072
1.965 0.137 0.0284482 259.5 -0.1802 0.0264 0.0047
1.978 0.135 0.0290674 282.3 -0.1531 0.0212 0.0038
1.979 0.133 0.0295918 304.9 -0.1096 0.0162 0.0030
1.968 0.133 0.0303572 326.7 -0.0695 0.0133 0.0028
1.963 0.133 0.0305374 349.0 -0.0394 0.0119 0.0025
1.999 0.199 0.60238 10.8 0.0425 0.0053 0.0017
2.087 0.194 0.668973 30.2 0.1258 0.0117 0.0096
1.945 0.213 0.740046 55.0 0.1605 0.0236 0.0424
1.963 0.215 0.661851 77.8 0.2119 0.0373 0.0196
1.986 0.215 0.622655 100.9 0.1256 0.0455 0.0873
2.034 0.194 0.59691 124.4 0.1364 0.0841 0.0540
2.133 0.187 0.570063 146.9 -0.0504 0.0742 0.0547
2.089 0.199 0.595469 170.3 -0.0817 0.0524 0.0358
2.032 0.207 0.618964 189.7 0.0187 0.0454 0.0510
2.026 0.202 0.608563 213.8 -0.1141 0.0665 0.0810
1.985 0.216 0.639817 236.0 -0.1180 0.0438 0.0694
2.026 0.212 0.634687 258.9 -0.0939 0.0481 0.0741
2.023 0.203 0.626666 282.8 -0.2253 0.0315 0.0823
1.975 0.209 0.665882 304.6 -0.1466 0.0173 0.0335
2.057 0.199 0.667568 328.7 -0.1181 0.0106 0.0252
2.003 0.197 0.607628 349.2 -0.0409 0.0054 0.0017
2.080 0.195 0.327703 10.1 0.0666 0.0079 0.0037
2.098 0.207 0.315909 30.8 0.1501 0.0151 0.0164
2.011 0.224 0.304246 55.9 0.2580 0.0289 0.0410
2.016 0.215 0.307051 79.0 0.3092 0.0341 0.0412
2.042 0.206 0.307931 100.8 0.3286 0.0416 0.0543
2.036 0.205 0.310822 123.6 0.1967 0.0418 0.0411
2.060 0.204 0.312612 146.6 0.1641 0.0380 0.0692
2.031 0.205 0.314791 168.9 0.0547 0.0330 0.0331
2.015 0.208 0.31314 189.9 -0.0646 0.0350 0.0505
2.007 0.208 0.313046 213.4 -0.1045 0.0457 0.0722
1.990 0.212 0.309707 235.8 -0.1658 0.0497 0.0551
1.995 0.218 0.318557 258.6 -0.1992 0.0432 0.0425
2.005 0.213 0.321813 281.6 -0.2536 0.0353 0.0546
1.977 0.211 0.330125 303.1 -0.1657 0.0325 0.0475
2.185 0.190 0.327014 330.5 -0.1360 0.0194 0.0180
2.105 0.190 0.329089 350.5 -0.0418 0.0084 0.0048
2.059 0.205 0.209904 10.7 0.0541 0.0117 0.0023
2.019 0.213 0.206321 32.3 0.1712 0.0154 0.0139
2.007 0.215 0.203866 55.7 0.2945 0.0205 0.0147
2.023 0.212 0.204584 78.3 0.3435 0.0256 0.0250
2.027 0.208 0.205047 101.1 0.2729 0.0293 0.0308
2.054 0.205 0.204511 123.6 0.2418 0.0315 0.0250
2.044 0.206 0.205961 146.4 0.1571 0.0302 0.0252
2.036 0.206 0.205503 169.2 0.0057 0.0292 0.0138
2.018 0.208 0.207058 190.5 -0.0328 0.0304 0.0134
2.020 0.210 0.205459 213.0 -0.1500 0.0359 0.0209
2.006 0.214 0.203769 235.6 -0.2718 0.0397 0.0251
2.000 0.220 0.205295 258.6 -0.2776 0.0436 0.0141
1.991 0.222 0.204816 281.2 -0.3167 0.0406 0.0224
1.986 0.230 0.203844 303.8 -0.2698 0.0406 0.0258
2.082 0.215 0.205973 328.9 -0.1159 0.0238 0.0163
2.090 0.204 0.209945 350.2 -0.0296 0.0130 0.0046
2.000 0.210 0.14442 11.0 0.0674 0.0142 0.0060
1.990 0.212 0.14359 33.4 0.1616 0.0158 0.0064
2.011 0.212 0.142761 55.7 0.2336 0.0183 0.0099
2.024 0.209 0.142659 78.3 0.2732 0.0218 0.0115
2.022 0.208 0.143093 100.8 0.2749 0.0239 0.0145
2.029 0.206 0.143607 123.6 0.2012 0.0253 0.0186
2.035 0.205 0.142924 146.1 0.1519 0.0280 0.0125
2.028 0.207 0.143536 168.7 0.0304 0.0271 0.0060
2.028 0.208 0.143484 191.1 -0.0002 0.0288 0.0141
2.030 0.211 0.143226 213.3 -0.1503 0.0302 0.0152
2.005 0.212 0.142076 235.9 -0.2008 0.0353 0.0174
1.998 0.214 0.142206 258.6 -0.2897 0.0358 0.0135
1.992 0.220 0.142304 281.0 -0.2518 0.0366 0.0128
1.992 0.223 0.141417 304.6 -0.2303 0.0316 0.0133
1.998 0.219 0.143278 327.6 -0.1573 0.0230 0.0063
2.022 0.209 0.144136 349.8 -0.0571 0.0160 0.0044
1.979 0.207 0.09453 11.2 0.0227 0.0133 0.0066
1.989 0.207 0.0942064 33.6 0.1544 0.0136 0.0063
2.010 0.206 0.0939585 55.9 0.2040 0.0149 0.0086
2.020 0.205 0.0932732 78.4 0.2332 0.0161 0.0079
2.023 0.205 0.0935111 101.1 0.2811 0.0178 0.0095
2.027 0.205 0.0938084 123.6 0.2175 0.0192 0.0077
2.026 0.204 0.0935593 145.9 0.1628 0.0204 0.0103
2.023 0.205 0.0935274 168.6 0.0378 0.0211 0.0070
2.017 0.206 0.0934565 190.9 -0.0672 0.0222 0.0051
2.018 0.208 0.0929453 213.3 -0.1562 0.0235 0.0090
2.017 0.209 0.0925076 236.3 -0.1951 0.0243 0.0105
2.011 0.212 0.092216 258.4 -0.2630 0.0244 0.0109
2.003 0.213 0.0916193 281.6 -0.2501 0.0239 0.0085
1.992 0.213 0.0921409 304.3 -0.2461 0.0209 0.0135
1.994 0.211 0.0927243 327.3 -0.1668 0.0174 0.0069
1.990 0.208 0.0940506 349.3 -0.0751 0.0143 0.0034
1.993 0.192 0.0565219 11.2 0.0545 0.0202 0.0046
1.989 0.191 0.056434 33.8 0.1374 0.0204 0.0045
2.000 0.191 0.0561501 56.1 0.1765 0.0212 0.0058
2.014 0.191 0.0561275 78.3 0.2426 0.0218 0.0086
2.014 0.192 0.0560826 101.1 0.2448 0.0240 0.0109
2.022 0.192 0.0559537 123.6 0.1825 0.0255 0.0078
2.023 0.191 0.055646 146.2 0.1407 0.0264 0.0053
2.030 0.192 0.0560378 168.6 0.0268 0.0283 0.0082
2.021 0.193 0.0558869 191.2 -0.1111 0.0289 0.0112
2.015 0.192 0.055624 213.7 -0.1007 0.0297 0.0047
2.015 0.193 0.0555382 236.4 -0.2235 0.0295 0.0069
2.012 0.193 0.0555242 258.9 -0.2022 0.0289 0.0071
2.011 0.194 0.0556362 281.6 -0.2504 0.0277 0.0096
2.007 0.194 0.0556525 304.0 -0.1864 0.0251 0.0076
1.999 0.192 0.0561139 326.6 -0.1555 0.0232 0.0062
1.994 0.192 0.0562724 349.0 -0.0250 0.0209 0.0032
1.991 0.178 0.0350002 10.6 0.0789 0.0648 0.0142
1.985 0.177 0.035 33.7 0.1308 0.0717 0.0096
1.960 0.177 0.0350003 56.1 0.1095 0.0705 0.0109
1.976 0.177 0.0349615 78.6 0.1275 0.0731 0.0127
1.996 0.177 0.0350005 100.8 0.1426 0.0759 0.0100
1.996 0.178 0.035 123.2 0.2452 0.0750 0.0172
2.005 0.178 0.035 146.1 0.2312 0.0811 0.0125
2.001 0.178 0.035 168.7 -0.0379 0.0827 0.0084
1.990 0.178 0.035 191.7 -0.0768 0.0888 0.0090
2.005 0.178 0.035 213.6 -0.1241 0.0833 0.0154
2.001 0.178 0.035 236.0 -0.1092 0.0808 0.0093
2.026 0.178 0.0350006 258.5 -0.1295 0.0805 0.0081
2.030 0.177 0.035 281.2 -0.3677 0.0762 0.0186
1.971 0.177 0.035 326.8 -0.0591 0.0738 0.0217
1.995 0.178 0.0349676 348.7 -0.0427 0.0670 0.0296
1.999 0.300 0.759134 7.4 0.0972 0.0151 0.0082
2.020 0.320 0.626068 33.6 0.0978 0.0215 0.0347
2.007 0.324 0.659505 56.0 0.0841 0.0227 0.0227
1.994 0.328 0.658063 78.6 0.0668 0.0240 0.0163
1.971 0.333 0.658912 101.0 0.0347 0.0262 0.0217
1.959 0.335 0.633993 123.4 0.0339 0.0300 0.0254
1.982 0.328 0.594042 145.2 0.0773 0.0359 0.0390
2.000 0.323 0.591699 169.1 0.1177 0.0420 0.0346
2.019 0.323 0.605374 191.3 0.0112 0.0402 0.0284
1.987 0.327 0.612095 213.7 -0.0349 0.0372 0.0259
1.986 0.328 0.642317 236.9 -0.0916 0.0298 0.0276
1.977 0.329 0.664721 259.1 -0.0140 0.0267 0.0354
1.974 0.328 0.681746 281.8 -0.0625 0.0249 0.0392
1.966 0.321 0.696839 304.1 -0.1125 0.0223 0.0442
1.995 0.314 0.740435 325.6 -0.0512 0.0206 0.0338
1.986 0.298 0.794658 353.5 -0.0265 0.0148 0.0315
2.030 0.315 0.323426 11.1 0.0639 0.0189 0.0050
2.010 0.319 0.318942 33.1 0.1454 0.0217 0.0505
2.007 0.324 0.317906 55.8 0.1479 0.0258 0.0628
1.984 0.326 0.318401 78.8 0.1023 0.0286 0.0263
1.969 0.331 0.318833 101.0 0.0907 0.0302 0.0250
1.958 0.333 0.317524 123.5 0.0688 0.0342 0.0224
1.949 0.329 0.319714 146.3 0.0109 0.0354 0.0234
1.976 0.330 0.319964 169.0 -0.0365 0.0345 0.0271
1.982 0.330 0.319602 191.1 -0.0203 0.0341 0.0244
1.979 0.332 0.319993 213.7 -0.0193 0.0365 0.0291
1.971 0.330 0.32011 236.3 -0.0623 0.0364 0.0381
1.973 0.328 0.31976 258.5 -0.0740 0.0349 0.0434
1.992 0.328 0.321609 281.3 -0.2274 0.0330 0.0312
2.026 0.325 0.317235 303.7 -0.1481 0.0318 0.0505
2.039 0.325 0.314407 327.4 -0.1079 0.0270 0.0434
2.025 0.316 0.320536 349.8 -0.0516 0.0205 0.0439
2.028 0.313 0.209849 11.2 0.0678 0.0236 0.0042
2.013 0.315 0.208925 33.6 0.1202 0.0250 0.0126
1.991 0.317 0.207614 55.8 0.1656 0.0274 0.0305
1.979 0.321 0.20755 78.5 0.1546 0.0313 0.0231
1.964 0.323 0.207215 100.9 0.1474 0.0328 0.0201
1.986 0.327 0.207717 123.4 0.0402 0.0384 0.0068
1.985 0.324 0.207419 146.2 0.0624 0.0389 0.0138
1.992 0.324 0.206606 168.6 0.0341 0.0367 0.0093
1.989 0.327 0.208019 191.0 -0.0521 0.0376 0.0178
1.989 0.326 0.207519 213.5 -0.1314 0.0385 0.0236
1.988 0.325 0.206854 236.1 -0.0096 0.0383 0.0159
1.977 0.326 0.208579 258.7 -0.0877 0.0382 0.0253
1.992 0.324 0.206559 281.2 -0.1627 0.0362 0.0245
2.003 0.322 0.207315 304.2 -0.1358 0.0328 0.0261
2.009 0.316 0.208157 326.9 -0.1127 0.0283 0.0207
2.017 0.313 0.209167 349.2 0.0178 0.0243 0.0115
1.997 0.300 0.145829 10.9 0.0008 0.0263 0.0009
1.994 0.301 0.14604 33.5 0.0628 0.0356 0.0080
1.989 0.303 0.14555 56.4 0.2770 0.0501 0.0336
1.965 0.305 0.145141 100.8 0.1607 0.0468 0.0167
1.991 0.305 0.144844 122.9 0.0876 0.0479 0.0168
1.983 0.306 0.146655 146.2 0.0857 0.0483 0.0203
1.979 0.306 0.145474 168.9 0.0205 0.0498 0.0212
1.968 0.307 0.145494 191.3 -0.0146 0.0494 0.0219
1.978 0.306 0.145084 213.5 -0.0063 0.0508 0.0221
1.976 0.309 0.145269 236.8 -0.1008 0.0507 0.0243
1.967 0.307 0.144468 258.8 -0.0804 0.0486 0.0197
1.980 0.307 0.145588 281.3 -0.1144 0.0452 0.0290
1.992 0.304 0.144943 304.3 -0.1373 0.0422 0.0253
1.995 0.303 0.146875 326.6 -0.1626 0.0380 0.0328
1.994 0.303 0.146203 349.4 -0.0193 0.0340 0.0155
1.981 0.285 0.105663 11.1 0.0362 0.0558 0.0232
1.999 0.285 0.1062 78.3 0.1520 0.0655 0.0250
1.995 0.286 0.105656 101.1 0.0600 0.0713 0.0130
1.988 0.285 0.105016 123.8 -0.0805 0.0712 0.0158
1.974 0.285 0.105179 146.0 0.1151 0.0721 0.0176
1.979 0.287 0.105001 168.7 0.0336 0.0732 0.0315
1.976 0.285 0.105077 190.7 -0.0582 0.0720 0.0295
1.991 0.285 0.104468 213.8 -0.0891 0.0714 0.0190
1.977 0.287 0.104823 235.9 -0.0570 0.0709 0.0253
1.963 0.286 0.10477 259.2 -0.1476 0.0716 0.0310
1.986 0.286 0.106199 281.3 -0.1079 0.0687 0.0144
1.980 0.285 0.105112 326.4 -0.1590 0.0608 0.0185
1.998 0.286 0.106352 349.3 0.0377 0.0563 0.0100
2.505 0.158 0.932794 21.0 -0.0906 0.1279 0.0128
2.521 0.162 0.643858 34.3 0.0764 0.0150 0.0038
2.525 0.161 0.567821 50.9 0.1139 0.0291 0.0045
2.546 0.162 0.708303 76.3 0.2819 0.1963 0.0296
2.532 0.162 0.591524 103.0 0.3807 0.1395 0.0258
2.520 0.162 0.568861 123.2 0.0153 0.1270 0.0305
2.543 0.161 0.582383 146.0 0.1049 0.1092 0.0366
2.530 0.162 0.576066 169.0 -0.0226 0.1134 0.0207
2.516 0.161 0.58179 191.4 0.1825 0.1669 0.0242
2.533 0.160 0.604404 214.1 0.3419 0.1736 0.0266
2.537 0.161 0.618263 237.8 -0.0190 0.1256 0.0307
2.532 0.162 0.637169 259.8 -0.0676 0.1053 0.0395
2.522 0.162 0.642507 280.6 0.0117 0.1241 0.0298
2.528 0.161 0.563863 308.8 -0.1273 0.0292 0.0034
2.518 0.162 0.644799 325.4 -0.0773 0.0153 0.0025
2.502 0.157 0.937459 339.1 0.0803 0.1325 0.0227
2.461 0.167 0.284457 16.1 0.0688 0.0449 0.0068
2.507 0.163 0.314392 34.0 0.1194 0.0184 0.0068
2.517 0.162 0.314379 52.9 0.1577 0.0286 0.0039
2.526 0.160 0.287449 75.0 0.0683 0.1615 0.0057
2.527 0.162 0.317096 103.1 0.0485 0.1187 0.0063
2.510 0.161 0.312516 124.2 -0.0023 0.0996 0.0095
2.522 0.161 0.311649 147.1 0.0531 0.1022 0.0084
2.519 0.162 0.318896 169.0 0.0494 0.0921 0.0098
2.518 0.162 0.308133 189.7 -0.0502 0.1152 0.0153
2.522 0.163 0.320696 210.7 -0.3077 0.1668 0.0170
2.545 0.161 0.315882 238.0 -0.0454 0.1488 0.0140
2.525 0.162 0.323779 258.0 -0.2950 0.1061 0.0082
2.531 0.162 0.307872 283.5 -0.1250 0.1387 0.0066
2.516 0.162 0.315542 307.1 -0.1743 0.0286 0.0062
2.506 0.163 0.314637 325.9 -0.1317 0.0183 0.0040
2.460 0.167 0.281613 344.2 -0.1463 0.0432 0.0068
2.495 0.165 0.200443 12.2 0.0386 0.0223 0.0062
2.509 0.163 0.206726 32.9 0.1224 0.0206 0.0056
2.518 0.162 0.207744 53.6 0.2441 0.0303 0.0071
2.516 0.159 0.20551 73.4 0.1152 0.1129 0.0071
2.508 0.161 0.205361 103.2 0.4111 0.1347 0.0254
2.534 0.161 0.206814 123.8 -0.0320 0.1207 0.0152
2.549 0.160 0.2058 146.7 0.1112 0.1143 0.0137
2.539 0.159 0.204266 169.4 0.0428 0.1221 0.0066
2.527 0.162 0.211823 190.3 0.1458 0.1474 0.0148
2.583 0.159 0.198661 216.5 0.2760 0.2917 0.0347
2.580 0.159 0.210549 236.1 -0.3757 0.1631 0.0189
2.541 0.161 0.212273 256.8 -0.2344 0.1893 0.0347
2.520 0.159 0.201163 287.4 -0.3632 0.1150 0.0118
2.512 0.161 0.207224 306.7 -0.1796 0.0310 0.0071
2.509 0.163 0.206815 327.0 -0.0987 0.0201 0.0030
2.496 0.165 0.20051 347.3 -0.0790 0.0224 0.0026
2.510 0.163 0.14262 11.2 0.0515 0.0194 0.0034
2.508 0.162 0.143804 32.9 0.0899 0.0228 0.0027
2.521 0.162 0.143464 53.7 0.1944 0.0340 0.0062
2.533 0.159 0.142415 74.2 0.2492 0.0906 0.0065
2.476 0.163 0.145434 102.8 0.1685 0.1484 0.0134
2.528 0.162 0.143879 124.0 0.1436 0.1006 0.0145
2.539 0.161 0.143486 146.7 0.3382 0.0913 0.0164
2.548 0.161 0.144251 170.0 -0.1077 0.1070 0.0074
2.525 0.161 0.145772 189.1 0.1853 0.1111 0.0079
2.501 0.164 0.141841 212.9 -0.3233 0.1696 0.0446
2.559 0.160 0.142727 234.7 -0.5017 0.2112 0.0147
2.492 0.158 0.15 258.3 -0.8800 0.2107 0.0253
2.527 0.159 0.140263 287.6 -0.1485 0.1303 0.0148
2.515 0.161 0.143717 306.0 -0.1670 0.0337 0.0047
2.509 0.162 0.144223 327.0 -0.0626 0.0230 0.0036
2.508 0.163 0.143141 348.7 -0.0151 0.0197 0.0019
2.505 0.162 0.094363 10.9 0.0011 0.0199 0.0037
2.506 0.162 0.0945565 32.8 0.0578 0.0233 0.0040
2.515 0.161 0.0939343 54.4 0.1509 0.0354 0.0042
2.510 0.159 0.090697 73.9 0.0466 0.0881 0.0078
2.484 0.165 0.0952882 103.8 0.1172 0.1454 0.0099
2.504 0.164 0.0934656 125.1 0.1704 0.1002 0.0103
2.521 0.163 0.094751 145.8 0.1907 0.0813 0.0062
2.531 0.161 0.0934065 168.2 -0.0085 0.0893 0.0088
2.521 0.162 0.0935436 189.6 -0.0231 0.0952 0.0056
2.485 0.165 0.0893015 212.5 0.1300 0.1372 0.0038
2.481 0.164 0.0853973 234.6 0.0508 0.2434 0.0084
2.598 0.164 0.1025 261.7 0.5475 0.4797 0.0156
2.521 0.158 0.0904386 286.7 -0.2563 0.0846 0.0075
2.515 0.161 0.0942971 306.2 -0.1571 0.0343 0.0043
2.505 0.162 0.0948569 327.2 -0.0490 0.0234 0.0039
2.502 0.162 0.0944282 348.9 -0.0268 0.0204 0.0038
2.509 0.162 0.0561372 11.1 0.0357 0.0301 0.0045
2.511 0.162 0.0554791 33.0 0.1338 0.0330 0.0044
2.516 0.160 0.0561673 54.4 0.1084 0.0499 0.0035
2.524 0.160 0.0566071 75.0 0.2033 0.1040 0.0060
2.470 0.165 0.0534616 101.1 0.3106 0.1677 0.0228
2.485 0.165 0.0569444 123.1 0.1218 0.1298 0.0035
2.495 0.164 0.0550807 146.0 -0.0323 0.1284 0.0009
2.511 0.165 0.0583624 169.2 0.0196 0.1172 0.0006
2.490 0.163 0.0542093 190.3 -0.0988 0.1101 0.0086
2.479 0.165 0.0537262 213.5 0.0716 0.1388 0.0021
2.481 0.165 0.0522727 234.2 -0.1993 0.2324 0.0057
2.463 0.164 0.05 258.1 -0.1346 0.2698 0.0069
2.509 0.158 0.0548077 284.9 -0.2152 0.0894 0.0073
2.511 0.160 0.0558861 305.8 -0.1419 0.0477 0.0052
2.509 0.161 0.0560274 327.0 -0.0815 0.0336 0.0061
2.508 0.162 0.0558633 349.3 -0.0600 0.0296 0.0041
2.506 0.159 0.0329762 12.0 0.0359 0.0719 0.0459
2.510 0.159 0.0326303 32.5 0.2020 0.0767 0.0321
2.506 0.158 0.0321875 55.0 0.1385 0.1955 0.1186
2.508 0.157 0.0316197 77.7 0.2723 0.1315 0.0633
2.513 0.156 0.0283333 101.6 -0.4251 0.2287 0.0857
2.623 0.161 0.0333333 120.7 0.3695 0.4290 0.0931
2.531 0.156 0.027 169.4 -0.7012 0.4095 0.0899
2.502 0.156 0.025 197.1 0.4359 0.6715 0.0434
2.571 0.158 0.029 214.2 -0.2280 0.4953 0.1385
2.545 0.156 0.0292857 235.7 -0.1606 0.4199 0.0803
2.513 0.156 0.0285714 260.4 -0.2505 0.2104 0.0697
2.512 0.157 0.0314384 282.9 0.1120 0.1331 0.0472
2.518 0.159 0.0322917 305.2 -0.1607 0.0944 0.0453
2.521 0.160 0.0327369 326.5 0.0373 0.0826 0.0250
2.764 0.221 0.577921 12.0 0.0532 0.0072 0.0015
2.824 0.195 0.618432 31.7 0.0990 0.0067 0.0024
2.867 0.195 0.594171 51.7 0.1362 0.0183 0.0114
2.774 0.223 0.630974 78.8 0.2379 0.0411 0.0327
2.824 0.215 0.591055 101.7 0.2320 0.0387 0.0203
2.818 0.211 0.589162 124.5 0.1883 0.0371 0.0250
2.799 0.209 0.597865 146.5 0.1017 0.0350 0.0203
2.790 0.212 0.609506 169.0 0.0723 0.0311 0.0083
2.802 0.213 0.591375 190.2 -0.0372 0.0374 0.0181
2.795 0.216 0.604886 213.3 -0.0344 0.0466 0.0166
2.821 0.212 0.621416 236.9 -0.1300 0.0452 0.0285
2.801 0.208 0.619197 259.8 -0.2234 0.0367 0.0342
2.784 0.213 0.626316 282.1 -0.2402 0.0284 0.0214
2.837 0.203 0.601587 306.9 -0.1621 0.0166 0.0226
2.823 0.195 0.62048 328.2 -0.1018 0.0068 0.0033
2.765 0.220 0.578631 348.0 -0.0577 0.0072 0.0019
2.784 0.201 0.315545 11.3 0.0537 0.0073 0.0019
2.817 0.194 0.31872 32.0 0.1351 0.0086 0.0035
2.845 0.199 0.312618 52.7 0.1776 0.0181 0.0129
2.791 0.221 0.308063 79.0 0.2929 0.0312 0.0113
2.804 0.215 0.312399 101.4 0.2491 0.0304 0.0154
2.787 0.213 0.313911 123.8 0.1954 0.0296 0.0111
2.784 0.213 0.311755 146.2 0.2011 0.0293 0.0136
2.780 0.214 0.314584 168.4 0.0747 0.0293 0.0059
2.791 0.217 0.313677 190.5 -0.0490 0.0329 0.0105
2.781 0.219 0.311633 212.6 -0.1371 0.0421 0.0106
2.822 0.216 0.314456 236.6 -0.1855 0.0455 0.0095
2.812 0.211 0.31903 259.4 -0.2499 0.0433 0.0139
2.794 0.212 0.322734 281.3 -0.3104 0.0370 0.0155
2.858 0.191 0.317148 307.5 -0.1633 0.0194 0.0089
2.822 0.191 0.318454 328.1 -0.1205 0.0088 0.0028
2.788 0.200 0.316076 348.7 -0.0379 0.0073 0.0010
2.802 0.194 0.208709 10.9 0.0494 0.0080 0.0013
2.807 0.194 0.208405 32.2 0.1177 0.0102 0.0034
2.825 0.204 0.206578 54.1 0.1978 0.0182 0.0060
2.782 0.219 0.204053 78.5 0.3169 0.0259 0.0086
2.781 0.216 0.205508 101.2 0.2955 0.0271 0.0076
2.781 0.215 0.20546 123.7 0.1731 0.0278 0.0065
2.779 0.213 0.206568 146.1 0.1697 0.0272 0.0062
2.778 0.213 0.205465 168.4 0.0425 0.0282 0.0056
2.776 0.214 0.205244 190.7 -0.0479 0.0317 0.0060
2.779 0.220 0.205659 212.9 -0.1572 0.0393 0.0067
2.789 0.223 0.205236 235.7 -0.2315 0.0450 0.0077
2.816 0.221 0.207647 258.9 -0.2688 0.0477 0.0138
2.798 0.218 0.205156 281.9 -0.3007 0.0452 0.0153
2.852 0.192 0.206018 307.2 -0.1181 0.0218 0.0034
2.823 0.191 0.209205 328.1 -0.1066 0.0106 0.0034
2.803 0.194 0.208638 349.2 -0.0402 0.0080 0.0016
2.804 0.193 0.145344 10.8 0.0215 0.0099 0.0011
2.813 0.195 0.145048 32.4 0.1232 0.0125 0.0033
2.813 0.205 0.143948 54.8 0.1630 0.0192 0.0059
2.773 0.219 0.143632 78.6 0.2641 0.0247 0.0083
2.762 0.216 0.1433 101.5 0.2676 0.0269 0.0081
2.766 0.215 0.143748 123.6 0.2062 0.0273 0.0071
2.769 0.214 0.142706 146.4 0.0982 0.0281 0.0073
2.775 0.212 0.143515 168.6 0.0255 0.0286 0.0038
2.788 0.214 0.143198 190.6 -0.0196 0.0325 0.0060
2.770 0.217 0.142613 212.9 -0.2360 0.0364 0.0070
2.772 0.222 0.142188 235.8 -0.2687 0.0407 0.0100
2.776 0.229 0.142606 258.4 -0.3088 0.0474 0.0099
2.806 0.220 0.141654 282.1 -0.1895 0.0423 0.0095
2.852 0.197 0.144015 306.4 -0.1659 0.0234 0.0054
2.819 0.192 0.145009 327.9 -0.0810 0.0128 0.0032
2.806 0.193 0.145353 349.3 -0.0277 0.0099 0.0016
2.798 0.195 0.0968267 11.0 0.0405 0.0111 0.0016
2.807 0.198 0.09613 32.8 0.1092 0.0133 0.0032
2.789 0.207 0.0949842 55.4 0.1740 0.0175 0.0055
2.757 0.214 0.093917 78.5 0.2437 0.0206 0.0070
2.756 0.215 0.094284 101.4 0.2341 0.0214 0.0059
2.760 0.213 0.0940305 123.6 0.1856 0.0222 0.0053
2.771 0.212 0.0934781 146.2 0.1282 0.0224 0.0057
2.767 0.211 0.0934257 168.5 0.0298 0.0227 0.0016
2.771 0.212 0.0938179 190.8 -0.0217 0.0245 0.0023
2.775 0.214 0.0928846 213.3 -0.1105 0.0268 0.0035
2.773 0.220 0.0930615 235.7 -0.2349 0.0295 0.0063
2.771 0.222 0.0918863 258.7 -0.2334 0.0310 0.0086
2.797 0.220 0.0924472 282.0 -0.1741 0.0280 0.0085
2.830 0.204 0.0940097 305.3 -0.1507 0.0206 0.0045
2.814 0.196 0.0959719 327.3 -0.1125 0.0137 0.0028
2.799 0.194 0.0968182 349.2 -0.0025 0.0111 0.0009
2.787 0.189 0.0580836 11.1 0.0516 0.0230 0.0032
2.792 0.190 0.0579089 33.0 0.0719 0.0254 0.0024
2.765 0.192 0.0574715 55.8 0.1272 0.0300 0.0048
2.746 0.197 0.0573391 78.4 0.1498 0.0345 0.0054
2.733 0.199 0.0576335 101.5 0.1698 0.0366 0.0051
2.722 0.198 0.0572024 123.4 0.1806 0.0365 0.0058
2.723 0.198 0.0573321 146.0 0.0963 0.0385 0.0051
2.711 0.197 0.0567675 168.8 0.0403 0.0379 0.0074
2.726 0.198 0.0575447 191.3 -0.0522 0.0384 0.0041
2.741 0.197 0.0571295 213.7 -0.1473 0.0407 0.0069
2.731 0.199 0.056719 235.9 -0.1058 0.0406 0.0070
2.743 0.200 0.0562235 258.3 -0.2050 0.0433 0.0081
2.763 0.197 0.0564845 281.9 -0.1712 0.0400 0.0072
2.784 0.193 0.0571235 304.7 -0.1494 0.0326 0.0047
2.799 0.189 0.058141 327.1 -0.0535 0.0260 0.0016
2.786 0.188 0.0580853 349.1 -0.0195 0.0227 0.0042
2.769 0.175 0.035 11.6 -0.1939 0.1771 0.0029
2.789 0.177 0.035 32.7 -0.1161 0.1277 0.0095
2.803 0.178 0.035 56.9 0.1877 0.1441 0.0067
2.758 0.177 0.035 79.1 -0.0358 0.2003 0.0224
2.687 0.178 0.035 100.5 0.3781 0.1783 0.0464
2.697 0.179 0.035 122.4 -0.0608 0.1844 0.0146
2.782 0.180 0.035 146.7 -0.1105 0.2035 0.0235
2.624 0.177 0.035 167.6 0.1544 0.2115 0.0050
2.666 0.180 0.035 191.8 0.0538 0.2282 0.0016
2.663 0.177 0.035 213.6 -0.5383 0.1653 0.0150
2.720 0.181 0.035 237.1 0.0360 0.2058 0.0083
2.712 0.178 0.035 260.0 -0.0278 0.1763 0.0108
2.806 0.176 0.035 283.0 -0.1003 0.1489 0.0088
2.773 0.177 0.035 305.3 -0.0210 0.1564 0.0081
2.779 0.177 0.035 328.0 -0.0313 0.1476 0.0146
2.778 0.176 0.035 349.6 -0.2836 0.1126 0.0207
2.829 0.318 0.732216 9.2 0.0508 0.0100 0.0036
2.816 0.349 0.580782 32.7 0.1792 0.0191 0.1028
2.788 0.353 0.61765 56.0 0.2029 0.0259 0.0951
2.787 0.359 0.625873 78.1 0.1222 0.0302 0.0555
2.758 0.377 0.636602 101.4 0.0891 0.0424 0.0298
2.788 0.374 0.608354 123.6 0.1299 0.0451 0.0412
2.786 0.371 0.620252 146.3 0.0145 0.0450 0.0231
2.800 0.368 0.614722 169.0 -0.0042 0.0468 0.0371
2.788 0.355 0.615353 190.6 -0.0595 0.0398 0.0734
2.773 0.366 0.643284 213.7 -0.0680 0.0487 0.0389
2.749 0.365 0.657041 236.8 -0.1549 0.0424 0.0481
2.769 0.360 0.645777 259.1 -0.1647 0.0380 0.0823
2.797 0.357 0.628516 281.4 -0.1396 0.0327 0.0754
2.782 0.344 0.679195 304.3 -0.1695 0.0263 0.1148
2.797 0.347 0.672724 325.8 -0.0821 0.0232 0.0782
2.841 0.313 0.753282 351.9 -0.0208 0.0108 0.0327
2.806 0.331 0.318387 11.2 0.0580 0.0181 0.0068
2.818 0.334 0.317502 32.9 0.1994 0.0210 0.0418
2.814 0.341 0.315374 55.6 0.2518 0.0270 0.0380
2.812 0.345 0.314122 78.1 0.2769 0.0337 0.0453
2.794 0.346 0.313387 100.9 0.1727 0.0417 0.0328
2.805 0.347 0.311512 123.9 0.1757 0.0430 0.0368
2.832 0.349 0.313135 145.5 0.0548 0.0441 0.0378
2.810 0.341 0.314265 169.3 -0.0034 0.0394 0.0185
2.810 0.343 0.315392 190.9 -0.0283 0.0408 0.0485
2.791 0.351 0.310955 213.7 -0.0405 0.0474 0.0505
2.798 0.356 0.313627 236.2 -0.2310 0.0514 0.0314
2.797 0.350 0.314956 258.8 -0.2179 0.0446 0.0532
2.805 0.351 0.315301 281.7 -0.2298 0.0379 0.0583
2.806 0.351 0.31661 304.0 -0.2257 0.0338 0.0349
2.817 0.344 0.313326 327.4 -0.2128 0.0267 0.0577
2.813 0.333 0.318793 349.7 -0.0755 0.0200 0.0184
2.803 0.315 0.209138 11.1 0.0332 0.0233 0.0054
2.814 0.317 0.209064 33.4 0.1606 0.0246 0.0134
2.822 0.319 0.208015 55.6 0.2492 0.0287 0.0177
2.831 0.323 0.207272 78.2 0.2325 0.0344 0.0099
2.827 0.322 0.208137 101.5 0.2964 0.0369 0.0189
2.813 0.320 0.207608 123.3 0.1957 0.0424 0.0119
2.822 0.322 0.206773 146.0 0.1773 0.0436 0.0120
2.817 0.325 0.209507 168.7 0.0226 0.0415 0.0057
2.815 0.325 0.208005 191.0 -0.0869 0.0423 0.0137
2.819 0.323 0.207841 214.1 0.0425 0.0493 0.0143
2.818 0.327 0.208265 235.9 -0.1660 0.0479 0.0172
2.824 0.328 0.207332 258.9 -0.2296 0.0463 0.0138
2.827 0.327 0.20675 281.7 -0.3228 0.0406 0.0141
2.817 0.325 0.206527 304.6 -0.2301 0.0357 0.0134
2.821 0.322 0.207725 326.9 -0.1118 0.0284 0.0073
2.813 0.316 0.209389 349.5 -0.0272 0.0244 0.0059
2.812 0.299 0.146025 11.2 0.0655 0.0324 0.0074
2.809 0.299 0.14647 33.6 0.1520 0.0339 0.0117
2.804 0.301 0.146707 56.1 0.1585 0.0360 0.0132
2.817 0.301 0.146098 78.3 0.1198 0.0391 0.0130
2.825 0.301 0.146401 100.9 0.1455 0.0432 0.0171
2.831 0.302 0.145698 123.5 0.1017 0.0444 0.0065
2.832 0.303 0.145499 145.7 0.1311 0.0499 0.0161
2.821 0.304 0.145924 168.6 -0.0007 0.0484 0.0133
2.824 0.302 0.145351 191.0 0.0238 0.0509 0.0137
2.797 0.304 0.145033 213.4 -0.0932 0.0529 0.0158
2.831 0.304 0.144669 236.4 -0.2200 0.0533 0.0136
2.821 0.304 0.145362 259.2 -0.1816 0.0504 0.0128
2.792 0.305 0.146656 281.6 -0.1717 0.0473 0.0114
2.808 0.302 0.14566 303.8 -0.1301 0.0426 0.0134
2.820 0.301 0.14618 326.6 -0.0971 0.0372 0.0102
2.815 0.300 0.146514 349.0 -0.0375 0.0336 0.0096
2.811 0.283 0.107111 11.0 0.0025 0.0592 0.0180
2.796 0.284 0.106028 33.5 0.1073 0.0651 0.0104
2.810 0.283 0.106675 56.3 0.1500 0.0675 0.0132
2.808 0.283 0.106596 78.5 0.2384 0.0647 0.0112
2.812 0.283 0.105457 100.3 0.1147 0.0736 0.0134
2.813 0.284 0.105827 124.0 0.1554 0.0710 0.0220
2.826 0.284 0.105311 146.3 0.1891 0.0755 0.0154
2.836 0.284 0.105484 167.9 0.0897 0.0761 0.0306
2.844 0.285 0.106406 191.1 0.0497 0.0777 0.0187
2.847 0.285 0.106265 213.5 0.0361 0.0844 0.0209
2.781 0.283 0.105443 236.5 -0.1039 0.0878 0.0096
2.825 0.285 0.106893 259.6 -0.3630 0.0755 0.0167
2.802 0.284 0.10678 304.2 -0.1031 0.0703 0.0134
2.828 0.284 0.106805 326.3 -0.0982 0.0657 0.0089
2.820 0.283 0.106625 349.4 -0.0797 0.0658 0.0170
3.007 0.469 0.626965 10.8 0.1863 0.0758 0.0740
2.981 0.472 0.632895 33.3 0.1064 0.0963 0.0355
3.008 0.471 0.611841 55.6 0.1663 0.1013 0.0702
2.960 0.470 0.587341 79.5 0.0197 0.1462 0.0454
3.038 0.473 0.56262 98.6 0.1699 0.1622 0.0653
2.986 0.467 0.664594 123.8 0.0766 0.1482 0.0277
2.958 0.474 0.625076 146.2 -0.1605 0.1754 0.0665
3.002 0.472 0.634884 169.1 -0.2335 0.1063 0.0930
2.982 0.470 0.65275 190.2 0.2172 0.1250 0.0804
2.944 0.472 0.639849 213.1 -0.1100 0.1271 0.0657
2.969 0.465 0.628828 234.6 -0.1620 0.1391 0.0872
3.032 0.469 0.611802 257.3 -0.2690 0.1404 0.0561
2.987 0.469 0.613395 282.5 -0.2654 0.1332 0.0912
2.996 0.470 0.645126 305.0 0.0397 0.1042 0.0199
2.994 0.468 0.651604 326.0 -0.0415 0.0993 0.0906
2.995 0.467 0.623956 349.1 -0.0206 0.0756 0.0476
2.932 0.466 0.348956 11.5 -0.0706 0.0624 0.0404
2.962 0.465 0.344778 32.8 0.1382 0.1316 0.0382
2.949 0.465 0.34491 79.4 0.4009 0.1450 0.0640
2.918 0.465 0.343776 100.9 0.1824 0.1979 0.0753
2.972 0.468 0.339704 126.1 0.1646 0.2588 0.0294
3.017 0.467 0.337814 146.7 0.1045 0.1676 0.0643
2.975 0.467 0.347773 169.2 0.1501 0.1806 0.0458
2.930 0.464 0.345472 190.2 -0.4953 0.1881 0.0379
2.979 0.471 0.349769 214.5 0.4728 0.2395 0.0489
2.984 0.466 0.343871 235.8 -0.1366 0.2025 0.0473
2.977 0.464 0.345348 260.5 -0.2414 0.1808 0.0856
2.944 0.462 0.339699 279.6 0.0042 0.1640 0.0122
2.902 0.464 0.342835 304.3 -0.1747 0.1866 0.0767
2.953 0.466 0.340903 326.4 -0.2634 0.1602 0.0660
2.926 0.464 0.347301 349.3 -0.2021 0.1427 0.0669
3.600 0.250 0.533479 12.8 0.0454 0.0108 0.0015
3.634 0.237 0.621886 31.8 0.1010 0.0093 0.0024
3.627 0.229 0.581533 50.6 0.1363 0.0266 0.0057
3.618 0.247 0.593045 80.3 0.2867 0.0672 0.0134
3.635 0.243 0.570211 101.4 0.2668 0.0591 0.0150
3.617 0.240 0.577804 123.3 0.1555 0.0512 0.0086
3.637 0.242 0.605656 145.8 0.1111 0.0496 0.0096
3.614 0.241 0.601981 168.4 -0.0569 0.0493 0.0099
3.610 0.240 0.592697 190.8 -0.0418 0.0644 0.0075
3.611 0.240 0.616044 212.8 -0.0949 0.0796 0.0119
3.623 0.240 0.607853 237.7 -0.1488 0.0615 0.0120
3.618 0.241 0.622777 259.1 -0.1783 0.0550 0.0133
3.583 0.243 0.622394 281.1 -0.2933 0.0467 0.0101
3.601 0.231 0.585705 308.6 -0.1499 0.0269 0.0087
3.630 0.237 0.62293 328.3 -0.1073 0.0094 0.0027
3.604 0.250 0.532577 347.3 -0.0413 0.0109 0.0018
3.625 0.240 0.320869 11.1 0.0394 0.0105 0.0017
3.608 0.234 0.323518 31.7 0.1108 0.0140 0.0029
3.555 0.229 0.319994 52.3 0.1239 0.0344 0.0055
3.564 0.246 0.306239 79.2 0.3307 0.0572 0.0144
3.565 0.242 0.306486 101.4 0.2532 0.0515 0.0094
3.597 0.241 0.308212 123.8 0.1786 0.0536 0.0111
3.592 0.241 0.311714 146.5 0.0393 0.0556 0.0082
3.617 0.244 0.309474 168.4 0.0265 0.0588 0.0126
3.572 0.244 0.308655 189.6 -0.0928 0.0679 0.0102
3.606 0.245 0.311869 213.7 -0.0700 0.0823 0.0121
3.604 0.242 0.315281 236.4 -0.1155 0.0784 0.0156
3.623 0.241 0.318406 259.5 -0.1389 0.0728 0.0128
3.572 0.242 0.318547 280.5 -0.3351 0.0793 0.0143
3.556 0.226 0.317908 308.3 -0.1253 0.0362 0.0094
3.613 0.234 0.323877 328.4 -0.0838 0.0141 0.0026
3.623 0.240 0.320234 349.0 -0.0428 0.0105 0.0021
3.591 0.233 0.211175 10.7 0.0330 0.0143 0.0036
3.579 0.231 0.210835 31.8 0.0929 0.0194 0.0049
3.522 0.232 0.208564 53.7 0.2286 0.0357 0.0087
3.569 0.247 0.20593 78.9 0.1992 0.0524 0.0081
3.569 0.246 0.205876 101.1 0.1947 0.0474 0.0074
3.599 0.244 0.205506 123.5 0.2091 0.0464 0.0092
3.573 0.242 0.205012 146.0 0.1437 0.0503 0.0075
3.594 0.243 0.204899 168.3 0.0616 0.0531 0.0066
3.597 0.245 0.20637 190.4 -0.0519 0.0604 0.0052
3.575 0.245 0.204122 213.8 -0.0982 0.0651 0.0055
3.588 0.246 0.206103 235.7 -0.1398 0.0814 0.0121
3.581 0.245 0.20619 258.9 -0.3312 0.0790 0.0118
3.576 0.239 0.209237 280.7 -0.3040 0.0877 0.0131
3.536 0.224 0.210814 307.8 -0.0885 0.0435 0.0073
3.589 0.230 0.210893 328.3 -0.0457 0.0197 0.0021
3.593 0.233 0.211363 349.2 -0.0275 0.0144 0.0032
3.553 0.229 0.146272 10.8 -0.0073 0.0208 0.0049
3.551 0.229 0.144809 32.0 0.0257 0.0271 0.0054
3.524 0.233 0.143807 54.8 0.1910 0.0434 0.0058
3.553 0.244 0.143193 78.5 0.2257 0.0487 0.0059
3.568 0.244 0.143537 101.6 0.1767 0.0494 0.0073
3.585 0.244 0.143241 123.4 0.2124 0.0500 0.0081
3.590 0.243 0.143337 146.5 0.0918 0.0543 0.0083
3.584 0.243 0.14487 169.1 -0.0251 0.0523 0.0079
3.579 0.243 0.143522 190.8 -0.0721 0.0552 0.0067
3.564 0.246 0.142832 213.6 -0.1123 0.0672 0.0099
3.586 0.248 0.14124 236.3 -0.2857 0.0731 0.0095
3.574 0.248 0.141428 258.5 -0.2522 0.0843 0.0090
3.503 0.242 0.140859 282.1 -0.2860 0.0901 0.0106
3.516 0.226 0.143922 306.6 -0.1624 0.0500 0.0072
3.551 0.227 0.146141 327.8 -0.0745 0.0276 0.0050
3.562 0.230 0.145888 349.2 0.0128 0.0204 0.0026
3.504 0.225 0.0984794 10.7 0.0204 0.0282 0.0049
3.511 0.228 0.0979199 32.9 0.1004 0.0338 0.0062
3.522 0.237 0.0970705 55.7 0.0596 0.0434 0.0098
3.523 0.242 0.0975547 78.7 0.2083 0.0497 0.0070
3.565 0.243 0.0979035 101.3 0.1593 0.0491 0.0053
3.568 0.243 0.0962608 123.9 0.0941 0.0485 0.0068
3.551 0.242 0.0966882 146.1 0.1054 0.0493 0.0079
3.573 0.242 0.0969257 168.7 -0.0241 0.0480 0.0042
3.570 0.242 0.0956928 191.3 -0.0957 0.0516 0.0065
3.565 0.243 0.0952997 214.0 -0.1216 0.0557 0.0092
3.551 0.245 0.0941724 236.1 -0.2027 0.0605 0.0076
3.550 0.245 0.0941346 258.2 -0.1708 0.0649 0.0063
3.536 0.240 0.0930691 282.5 -0.2316 0.0623 0.0102
3.521 0.234 0.0942456 304.9 -0.1473 0.0489 0.0085
3.516 0.228 0.0977069 327.3 -0.1400 0.0340 0.0072
3.506 0.226 0.0985757 349.3 -0.0108 0.0277 0.0054
3.422 0.219 0.0613866 33.9 -0.0891 0.1051 0.0099
3.443 0.221 0.0606624 78.2 0.0552 0.1161 0.0105
3.396 0.223 0.060785 102.4 0.2733 0.1189 0.0111
3.414 0.223 0.0624657 123.9 0.2562 0.1159 0.0127
3.428 0.224 0.0623289 146.5 -0.0100 0.1148 0.0085
3.414 0.226 0.0627854 168.5 -0.0957 0.1156 0.0067
3.437 0.226 0.0624676 192.0 0.0166 0.1218 0.0031
3.399 0.222 0.0610031 214.0 -0.1196 0.1212 0.0089
3.424 0.224 0.061773 235.7 0.1024 0.1194 0.0046
3.419 0.223 0.0609015 259.2 -0.0495 0.1219 0.0117
3.448 0.218 0.0600429 303.9 -0.3247 0.1189 0.0131
3.422 0.217 0.061051 326.8 0.0654 0.0910 0.0094
3.428 0.215 0.0611734 349.2 -0.0296 0.0924 0.0030
4.153 0.312 0.656152 10.9 0.0545 0.0071 0.0019
4.261 0.316 0.649878 31.2 0.1230 0.0107 0.0109
4.085 0.350 0.574368 55.2 0.2860 0.0241 0.0601
4.078 0.343 0.573864 78.2 0.3534 0.0291 0.0945
4.129 0.333 0.577534 101.3 0.2995 0.0353 0.0677
4.143 0.332 0.585791 123.7 0.3147 0.0361 0.0679
4.151 0.326 0.596149 146.5 0.2213 0.0371 0.1035
4.126 0.330 0.606112 168.9 0.0364 0.0332 0.0097
4.075 0.336 0.598253 190.5 -0.0437 0.0360 0.1162
4.114 0.335 0.604487 214.0 -0.1242 0.0435 0.0763
4.069 0.336 0.60547 236.3 -0.2942 0.0404 0.1003
4.081 0.340 0.624015 259.3 -0.2793 0.0346 0.1055
4.056 0.341 0.636667 281.8 -0.2750 0.0281 0.0828
4.043 0.341 0.643603 304.2 -0.2659 0.0233 0.0690
4.314 0.307 0.672963 329.2 -0.1349 0.0115 0.0195
4.166 0.310 0.656684 349.4 -0.0506 0.0072 0.0060
4.194 0.319 0.326499 10.7 0.0554 0.0130 0.0016
4.108 0.331 0.321353 32.7 0.1763 0.0166 0.0106
4.034 0.344 0.316151 56.0 0.2682 0.0203 0.0426
4.042 0.342 0.314439 78.6 0.3056 0.0229 0.0330
4.070 0.340 0.313352 101.1 0.2679 0.0262 0.0460
4.064 0.333 0.313445 123.6 0.2823 0.0271 0.0418
4.094 0.337 0.312163 146.0 0.2210 0.0281 0.0240
4.094 0.336 0.311242 168.7 0.0174 0.0278 0.0061
4.101 0.339 0.315166 190.7 -0.0372 0.0300 0.0135
4.070 0.341 0.311466 213.1 -0.0872 0.0341 0.0472
4.052 0.350 0.313058 235.9 -0.2462 0.0349 0.0280
4.058 0.346 0.313816 259.0 -0.2751 0.0335 0.0215
4.064 0.351 0.316531 281.6 -0.2481 0.0323 0.0286
4.032 0.357 0.31512 304.0 -0.2528 0.0304 0.0259
4.184 0.331 0.320752 328.1 -0.1043 0.0196 0.0067
4.209 0.317 0.32733 349.5 -0.0374 0.0134 0.0027
4.065 0.317 0.211241 10.9 0.0689 0.0207 0.0047
3.998 0.322 0.210857 33.6 0.1236 0.0228 0.0034
3.978 0.325 0.209507 56.2 0.2234 0.0243 0.0058
4.029 0.323 0.20921 78.6 0.2017 0.0251 0.0051
4.048 0.323 0.207749 101.2 0.2697 0.0272 0.0069
4.069 0.323 0.208907 123.7 0.1532 0.0287 0.0052
4.093 0.322 0.208239 146.4 0.1398 0.0294 0.0046
4.104 0.322 0.207649 168.6 0.0620 0.0299 0.0060
4.068 0.325 0.209141 191.2 -0.0236 0.0315 0.0040
4.051 0.323 0.208043 213.6 -0.1499 0.0344 0.0059
4.032 0.328 0.207967 235.9 -0.1585 0.0362 0.0089
4.022 0.330 0.207608 258.8 -0.1967 0.0361 0.0044
4.001 0.333 0.208068 281.4 -0.2032 0.0348 0.0076
3.971 0.333 0.20747 304.1 -0.1732 0.0322 0.0051
4.011 0.323 0.209721 327.0 -0.1521 0.0263 0.0044
4.076 0.316 0.21182 349.2 -0.0463 0.0210 0.0050
3.923 0.302 0.146495 10.9 0.0155 0.0330 0.0079
3.912 0.302 0.146295 33.3 0.1542 0.0347 0.0072
3.959 0.304 0.145849 56.2 0.1941 0.0339 0.0073
3.968 0.303 0.146767 78.9 0.2262 0.0351 0.0077
3.998 0.304 0.146617 101.3 0.1683 0.0366 0.0077
3.985 0.303 0.146414 123.6 0.1521 0.0385 0.0067
3.996 0.303 0.145787 145.8 0.0301 0.0392 0.0049
4.023 0.303 0.145686 168.5 0.0941 0.0396 0.0043
4.046 0.303 0.145258 190.8 -0.0144 0.0409 0.0046
3.980 0.304 0.145166 213.7 -0.1542 0.0434 0.0080
4.010 0.306 0.146002 236.3 -0.1412 0.0467 0.0084
3.934 0.305 0.145614 258.6 -0.1816 0.0430 0.0084
3.909 0.308 0.144973 281.4 -0.1597 0.0432 0.0084
3.905 0.306 0.145263 303.9 -0.1372 0.0410 0.0094
3.906 0.303 0.146319 326.2 -0.1218 0.0368 0.0079
3.935 0.303 0.146572 349.2 0.0020 0.0346 0.0041
3.795 0.283 0.1068 12.0 -0.0410 0.1109 0.0152
3.818 0.284 0.107728 33.9 0.0124 0.0698 0.0078
3.850 0.284 0.107464 55.6 0.0674 0.0676 0.0076
3.866 0.285 0.107947 78.2 0.0882 0.0739 0.0069
3.845 0.284 0.10694 100.5 0.1836 0.0688 0.0102
3.938 0.284 0.107312 123.3 0.0936 0.0700 0.0087
3.971 0.284 0.107933 146.2 0.1398 0.0699 0.0098
3.916 0.285 0.106948 168.3 0.1380 0.0707 0.0074
3.947 0.284 0.107784 190.8 -0.0571 0.0783 0.0127
3.888 0.284 0.106508 213.8 -0.1109 0.0793 0.0070
3.899 0.283 0.106194 236.6 -0.2254 0.0838 0.0112
3.864 0.286 0.106472 259.7 -0.0248 0.0828 0.0107
3.798 0.284 0.106967 326.3 -0.1458 0.0711 0.0078
4.098 0.495 0.660054 11.1 0.0626 0.0277 0.0098
4.086 0.497 0.654778 33.6 0.1136 0.0298 0.0286
4.062 0.499 0.630829 55.7 0.1803 0.0337 0.0522
4.038 0.500 0.635851 78.5 0.0551 0.0363 0.0095
3.990 0.504 0.630298 101.5 0.1147 0.0394 0.0287
4.028 0.506 0.644044 123.5 0.0640 0.0426 0.0079
4.019 0.504 0.638578 145.8 0.0201 0.0425 0.0295
4.013 0.503 0.647334 169.0 0.0059 0.0414 0.0292
4.008 0.504 0.640718 190.9 -0.0083 0.0438 0.0320
4.006 0.501 0.645948 213.8 -0.0731 0.0438 0.0385
3.986 0.502 0.64616 236.8 -0.0412 0.0453 0.0439
4.030 0.506 0.642866 259.3 -0.0965 0.0443 0.0482
4.032 0.502 0.664746 281.4 -0.1606 0.0407 0.0542
4.044 0.500 0.661314 303.8 -0.1691 0.0369 0.0674
4.066 0.497 0.631925 326.4 -0.1528 0.0349 0.0649
4.099 0.496 0.658376 349.5 -0.0375 0.0291 0.0290
4.074 0.466 0.358922 33.6 0.1498 0.1000 0.0584
4.007 0.468 0.36049 55.8 0.1333 0.0854 0.0253
4.095 0.471 0.358559 78.5 0.1989 0.1028 0.0334
4.023 0.467 0.356084 101.1 0.0201 0.0942 0.0579
4.072 0.469 0.353611 123.6 0.1367 0.1081 0.0396
4.022 0.467 0.354222 147.4 0.2305 0.1131 0.0205
4.079 0.469 0.355891 169.1 -0.1224 0.1237 0.0528
3.918 0.470 0.35596 190.9 0.0336 0.1150 0.0339
3.985 0.468 0.354668 213.3 -0.1988 0.1125 0.0269
4.083 0.467 0.352748 235.6 0.0671 0.1264 0.0509
4.003 0.470 0.358402 259.8 -0.1243 0.1141 0.0498
4.044 0.470 0.360331 304.4 -0.2290 0.1053 0.0438
4.041 0.469 0.355978 327.1 -0.0569 0.0923 0.0371
4.024 0.470 0.3618 348.7 0.1014 0.0905 0.0241
5.517 0.365 0.679487 10.6 0.0532 0.0142 0.0030
5.459 0.362 0.677744 30.9 0.1290 0.0228 0.0085
5.602 0.401 0.574253 56.4 0.3009 0.0434 0.0382
5.616 0.396 0.589614 78.2 0.2884 0.0455 0.0426
5.611 0.389 0.582403 100.8 0.2185 0.0499 0.0307
5.552 0.390 0.598914 123.4 0.2623 0.0552 0.0360
5.623 0.390 0.582727 146.5 0.1658 0.0547 0.0377
5.601 0.388 0.598503 168.6 -0.0248 0.0492 0.0086
5.634 0.391 0.592866 190.5 -0.1346 0.0613 0.0255
5.608 0.391 0.593631 213.0 -0.1354 0.0666 0.0263
5.583 0.391 0.57897 236.5 -0.3636 0.0683 0.0291
5.580 0.389 0.593686 259.1 -0.2619 0.0617 0.0551
5.592 0.387 0.614137 281.6 -0.1774 0.0577 0.0479
5.541 0.389 0.617006 303.7 -0.2105 0.0532 0.0344
5.451 0.356 0.692708 329.9 -0.0844 0.0246 0.0072
5.527 0.365 0.678668 349.4 -0.0567 0.0140 0.0023
5.421 0.369 0.331506 11.0 0.0595 0.0337 0.0034
5.492 0.384 0.326004 33.3 0.0242 0.0412 0.0034
5.526 0.393 0.318715 56.0 0.1705 0.0474 0.0083
5.575 0.391 0.321981 78.9 0.2246 0.0443 0.0104
5.565 0.391 0.314174 100.9 0.2848 0.0474 0.0111
5.542 0.393 0.316289 123.5 0.1236 0.0499 0.0084
5.569 0.393 0.317506 146.7 0.0497 0.0512 0.0097
5.582 0.390 0.316683 168.8 0.0817 0.0539 0.0101
5.584 0.393 0.318401 190.7 0.0563 0.0598 0.0048
5.567 0.397 0.315633 213.5 -0.0311 0.0614 0.0059
5.570 0.394 0.316456 236.2 -0.2301 0.0624 0.0083
5.607 0.394 0.317084 258.6 -0.3067 0.0597 0.0122
5.603 0.400 0.314382 281.0 -0.3039 0.0622 0.0100
5.568 0.402 0.313581 302.9 -0.1728 0.0608 0.0135
5.454 0.382 0.320895 328.1 -0.1209 0.0474 0.0076
5.410 0.370 0.329626 349.5 0.0130 0.0337 0.0044
5.368 0.362 0.216567 11.1 -0.0314 0.0770 0.0130
5.363 0.367 0.216571 33.6 -0.0149 0.0841 0.0141
5.374 0.366 0.217217 57.0 0.0762 0.0778 0.0136
5.358 0.363 0.214461 78.0 0.0835 0.0794 0.0062
5.376 0.361 0.213099 101.1 0.1573 0.0831 0.0125
5.398 0.363 0.211169 124.0 0.2391 0.0807 0.0127
5.396 0.362 0.212134 145.8 0.1415 0.0831 0.0101
5.402 0.366 0.215314 168.7 0.1788 0.0851 0.0135
5.430 0.366 0.214468 190.9 -0.0196 0.0874 0.0114
5.380 0.366 0.214247 213.2 -0.0567 0.0907 0.0122
5.434 0.368 0.213295 236.1 -0.1347 0.0955 0.0136
5.372 0.366 0.214302 259.0 -0.2303 0.1010 0.0177
5.408 0.372 0.212723 281.3 -0.1194 0.1000 0.0141
5.363 0.371 0.214922 304.0 -0.0810 0.0985 0.0162
5.379 0.367 0.214312 326.3 0.0945 0.0900 0.0131
5.317 0.361 0.217007 349.3 0.0138 0.0789 0.0088
5.241 0.336 0.158529 34.3 -0.0730 0.2911 0.0125
5.196 0.329 0.157729 55.6 -0.7098 0.7983 0.0130
5.214 0.334 0.154992 78.0 -0.1549 0.2998 0.0097
5.187 0.334 0.153659 102.5 -0.0824 0.3126 0.0189
5.116 0.337 0.158636 122.4 -0.1148 0.3640 0.0071
5.189 0.334 0.158066 145.4 0.6771 0.2834 0.0098
5.276 0.333 0.15596 170.3 -0.1190 0.3662 0.0023
5.248 0.333 0.154963 192.9 0.3142 0.2951 0.0120
5.233 0.335 0.158285 211.8 -0.4314 0.3830 0.0064
5.358 0.338 0.154642 235.6 0.5309 0.4458 0.0084
5.265 0.339 0.155 261.2 -0.1817 0.4552 0.0144
5.235 0.338 0.153811 281.6 -0.3256 0.3489 0.0075
5.254 0.340 0.158 327.0 -1.0049 0.2294 0.0145
5.166 0.331 0.155 344.8 0.3082 0.4099 0.0045
6.275 0.506 0.677991 11.0 0.0283 0.0284 0.0050
6.251 0.507 0.662281 33.4 0.1893 0.0317 0.0297
6.243 0.507 0.646227 56.0 0.2121 0.0338 0.0244
6.367 0.508 0.635154 78.2 0.2620 0.0386 0.0347
6.362 0.507 0.638922 101.6 0.2630 0.0427 0.0216
6.420 0.508 0.627023 123.9 0.1794 0.0468 0.0166
6.426 0.508 0.633013 146.1 0.1772 0.0490 0.0166
6.378 0.508 0.64286 168.4 0.0541 0.0458 0.0055
6.348 0.508 0.647041 190.4 0.0217 0.0504 0.0066
6.418 0.508 0.631339 213.9 -0.1324 0.0543 0.0187
6.394 0.509 0.629554 236.1 -0.1963 0.0539 0.0235
6.347 0.509 0.635221 259.2 -0.1562 0.0505 0.0305
6.282 0.511 0.647182 281.5 -0.2478 0.0442 0.0224
6.304 0.511 0.643969 304.2 -0.1952 0.0415 0.0254
6.215 0.509 0.646182 327.1 -0.0747 0.0382 0.0274
6.274 0.504 0.664516 349.4 -0.0415 0.0306 0.0129
5.939 0.468 0.367145 11.6 -0.0484 0.2428 0.0398
5.992 0.466 0.359941 34.1 0.0181 0.1026 0.0137
5.971 0.469 0.368142 56.7 0.2643 0.1030 0.0147
6.095 0.466 0.358525 99.6 0.1927 0.1072 0.0160
6.045 0.465 0.361129 123.0 0.0787 0.1194 0.0110
6.030 0.468 0.359708 145.7 0.2993 0.1235 0.0114
6.150 0.466 0.358428 168.3 0.0434 0.1193 0.0092
6.006 0.467 0.362581 191.3 0.1525 0.1335 0.0214
5.926 0.465 0.359769 214.1 0.1888 0.1361 0.0105
6.102 0.466 0.358648 236.5 -0.1263 0.1441 0.0195
5.992 0.468 0.361911 259.9 -0.1701 0.1303 0.0139
6.066 0.465 0.361548 326.1 -0.1502 0.1131 0.0170
6.081 0.464 0.358966 348.6 -0.1578 0.1041 0.0095

