id = 999
editor = JSAG

### Experiment

collaboration = CLAS
process = ep2epgamma
exptype = fixed target
year = 2025
reference = arXiv:9999.99999
inspiretex = Alvarado:2026saf


### Scattering Process

frame = Trento

in1particle = em
in1energy = 10.6
in1energyunit = GeV
in1polarizationvector = L
in1polarization = +1

in2particle = p

out1particle = em
out2particle = p
out3particle = gamma


### Observable 
# A_{LU}


y1name = ALU
y1namelong = Beam Spin Asymmetry
y1unit = 1
y1value = column5
y1errorstatistic = column6 
y1errorsystematic = column7 


### x-axes

x1name = Q2
x1unit = GeV^2
x1value = column1

x2name = xB
x2unit = 1
x2value = column2

x3name = tm
x3unit = GeV^2
x3value = column3

x4name = phi
x4unit = deg
x4value = column4

### Data
#
#  CLAS 2026 ALU
#                               error
# Q2    xB    -t   phi  ALU   stat  syst
#########################################
1.278 0.098 0.0922435 11.4 0.048 0.005 0.002
1.276 0.093 0.0926479 33.7 0.1204 0.0049 0.0036
1.256 0.088 0.0927934 54.8 0.1513 0.006 0.0047
1.24 0.086 0.0914934 76.8 0.1546 0.0094 0.0044
1.223 0.091 0.0899902 99.9 0.1733 0.0156 0.0049
1.247 0.098 0.091153 124 0.1697 0.0177 0.0063
1.252 0.098 0.0926688 146.4 0.1123 0.0173 0.0039
1.256 0.098 0.0924089 168.6 0.0681 0.0172 0.002
1.242 0.098 0.0916615 190.2 -0.011 0.0207 0.0021
1.233 0.101 0.0909255 212.4 -0.1365 0.0301 0.0041
1.186 0.093 0.0871016 236.1 -0.1396 0.0375 0.0074
1.218 0.081 0.089084 262 -0.1542 0.0209 0.008
1.245 0.084 0.091656 283.6 -0.1785 0.0101 0.0051
1.259 0.087 0.0928811 305.2 -0.1517 0.006 0.0045
1.279 0.093 0.0927897 326.4 -0.1086 0.005 0.0034
1.277 0.098 0.0922188 348.6 -0.0452 0.005 0.0015
1.276 0.093 0.0537659 11.2 0.0428 0.0049 0.0017
1.264 0.09 0.0539846 33.5 0.096 0.0051 0.0029
1.243 0.087 0.0538814 55.1 0.136 0.0062 0.0042
1.231 0.086 0.053452 77.4 0.1551 0.0087 0.0052
1.215 0.088 0.0528712 100 0.148 0.0127 0.0046
1.211 0.094 0.0527076 123.1 0.1495 0.0163 0.0058
1.203 0.097 0.0531777 145.9 0.094 0.0182 0.0034
1.214 0.098 0.05355 168.7 0.0676 0.0191 0.0057
1.216 0.097 0.0533992 190.7 -0.0408 0.0208 0.0018
1.211 0.096 0.0524483 213.5 -0.075 0.0242 0.0045
1.206 0.088 0.0517624 237.2 -0.1318 0.0231 0.0073
1.224 0.083 0.0523878 260.8 -0.1459 0.0149 0.0066
1.246 0.084 0.0534169 282.8 -0.1537 0.0091 0.0048
1.25 0.086 0.0540254 304.9 -0.1294 0.0064 0.0037
1.266 0.089 0.0540028 326.6 -0.1007 0.0051 0.0029
1.276 0.093 0.0538011 348.7 -0.0365 0.0049 0.0013
1.218 0.085 0.023014 11.1 0.0214 0.0039 0.0007
1.212 0.084 0.0228212 33.3 0.0795 0.0042 0.0032
1.205 0.084 0.0220367 55.6 0.0999 0.0049 0.0037
1.2 0.084 0.0208958 77.9 0.1273 0.006 0.0045
1.194 0.084 0.0197295 100.5 0.1296 0.0074 0.0039
1.183 0.085 0.0187564 123.1 0.108 0.0091 0.0054
1.183 0.086 0.0183201 145.9 0.098 0.0102 0.0037
1.179 0.087 0.0179194 168.6 0.0367 0.0111 0.0049
1.181 0.086 0.0176152 191.4 -0.0342 0.0112 0.0021
1.184 0.085 0.017227 214.1 -0.069 0.0106 0.0034
1.192 0.083 0.017691 236.9 -0.1057 0.0094 0.0036
1.197 0.082 0.0189168 259.6 -0.1198 0.0076 0.0037
1.207 0.083 0.0205811 282.1 -0.1256 0.0061 0.0047
1.211 0.084 0.0219791 304.5 -0.1075 0.005 0.0045
1.213 0.084 0.0227476 326.7 -0.0702 0.0042 0.0025
1.218 0.085 0.0230043 348.9 -0.0275 0.004 0.001
1.329 0.14 0.0941872 11 0.0528 0.0118 0.0035
1.302 0.143 0.0929594 33 0.1434 0.014 0.0094
1.302 0.143 0.0916552 55.8 0.2333 0.0171 0.0114
1.315 0.142 0.0916004 78.4 0.2494 0.0191 0.0073
1.325 0.141 0.09155 101.2 0.2602 0.0208 0.0097
1.334 0.14 0.0921018 123.6 0.1912 0.0221 0.0098
1.333 0.139 0.0925384 145.9 0.1472 0.023 0.0097
1.328 0.14 0.0930723 168.8 0.039 0.0229 0.0031
1.322 0.141 0.0926043 191.1 -0.0285 0.025 0.0079
1.312 0.142 0.0917862 213.1 -0.1499 0.0281 0.0102
1.304 0.143 0.091758 236 -0.208 0.0314 0.0115
1.282 0.145 0.0907367 258.4 -0.3279 0.0359 0.0109
1.281 0.149 0.089232 280.9 -0.2152 0.0373 0.0098
1.273 0.151 0.0882763 304.3 -0.2608 0.0353 0.0191
1.347 0.142 0.0921976 328.6 -0.1295 0.0217 0.0061
1.353 0.138 0.0942449 350 -0.0253 0.0132 0.0021
1.293 0.142 0.0544882 11.4 0.0344 0.0143 0.0039
1.293 0.142 0.054226 33.4 0.152 0.0147 0.0068
1.307 0.141 0.0536681 55.9 0.2562 0.0158 0.0109
1.321 0.141 0.0536443 78.5 0.2095 0.0173 0.0062
1.332 0.14 0.0541966 101 0.2135 0.0192 0.0068
1.332 0.139 0.0539131 123.5 0.1939 0.0205 0.0062
1.336 0.139 0.0541368 145.9 0.0959 0.0223 0.0028
1.327 0.14 0.0540562 168.6 0.0757 0.0228 0.0039
1.319 0.141 0.0538462 190.9 -0.0204 0.0242 0.007
1.317 0.141 0.0536816 213.5 -0.0858 0.0258 0.004
1.307 0.142 0.0535469 236.1 -0.1534 0.028 0.0063
1.3 0.142 0.0531898 258.6 -0.1982 0.0291 0.0123
1.288 0.144 0.0529158 281.6 -0.2698 0.027 0.0081
1.286 0.145 0.0529779 304.3 -0.2239 0.0249 0.0117
1.283 0.144 0.0533467 327.2 -0.1323 0.0202 0.0054
1.295 0.142 0.0543666 349.4 -0.0393 0.0158 0.0028
1.295 0.136 0.0297282 11.3 0.0252 0.0181 0.0027
1.299 0.136 0.0295192 33.7 0.1769 0.0177 0.0089
1.315 0.136 0.0294826 56.2 0.1904 0.0184 0.0078
1.321 0.135 0.0292259 78.6 0.1731 0.019 0.0053
1.336 0.135 0.0290547 100.9 0.2073 0.0202 0.0088
1.336 0.135 0.0290816 123.3 0.2285 0.0216 0.0087
1.336 0.136 0.0285712 146.2 0.1227 0.0228 0.0046
1.328 0.135 0.0285711 168.6 0.0786 0.0241 0.0033
1.329 0.136 0.0285613 191 -0.0256 0.0254 0.0034
1.323 0.136 0.0284065 213.6 -0.1199 0.0261 0.0064
1.321 0.137 0.0284265 236.2 -0.2113 0.0261 0.0091
1.313 0.137 0.0282582 258.8 -0.1899 0.0257 0.0063
1.303 0.137 0.028466 281.5 -0.2381 0.0246 0.0116
1.302 0.137 0.0287464 304.1 -0.1492 0.023 0.0071
1.3 0.137 0.0292996 326.9 -0.1712 0.0208 0.0063
1.319 0.203 0.0941625 11 0.0543 0.0166 0.0021
1.31 0.204 0.0942416 33.4 0.1127 0.0171 0.0064
1.309 0.206 0.0941225 55.7 0.1695 0.02 0.0095
1.299 0.208 0.0932417 78.6 0.1593 0.0233 0.0126
1.301 0.21 0.0932256 101 0.1775 0.0259 0.0058
1.304 0.211 0.0930109 123.4 0.1185 0.0287 0.0083
1.3 0.211 0.0929289 146.1 0.0761 0.03 0.0093
1.31 0.209 0.0929655 168.7 0.06 0.0297 0.0049
1.3 0.21 0.0938511 191 -0.0454 0.0295 0.006
1.295 0.212 0.0933695 213.3 -0.0466 0.0307 0.0096
1.297 0.213 0.0921924 236.3 -0.0805 0.0316 0.0098
1.293 0.213 0.0926982 258.9 -0.227 0.0294 0.0204
1.299 0.213 0.0927042 281.7 -0.1552 0.0285 0.0118
1.301 0.211 0.0929055 304.5 -0.1666 0.0249 0.0065
1.312 0.208 0.093474 326.7 -0.1207 0.0204 0.0086
1.312 0.204 0.0942023 349.4 -0.0659 0.0174 0.0061
1.308 0.192 0.0567479 11.1 0.0458 0.0253 0.0066
1.308 0.192 0.056642 33.6 0.1106 0.027 0.0045
1.302 0.193 0.0564532 55.8 0.2117 0.028 0.0114
1.295 0.194 0.0567129 78.4 0.2103 0.0318 0.0136
1.297 0.195 0.0565144 101 0.1966 0.0334 0.01
1.298 0.196 0.0562053 123.2 0.1471 0.0357 0.0066
1.296 0.196 0.0559047 145.9 -0.0345 0.0381 0.0038
1.29 0.196 0.0561242 168.8 0.0084 0.0374 0.0122
1.291 0.195 0.0556952 190.9 -0.066 0.0372 0.0142
1.287 0.198 0.0557293 213.5 -0.071 0.0376 0.0173
1.297 0.197 0.0555049 236.4 -0.1019 0.0377 0.0088
1.293 0.198 0.0565325 259.1 -0.2379 0.0371 0.0189
1.287 0.196 0.055776 281.3 -0.2369 0.0407 0.0081
1.293 0.195 0.0559155 304 -0.1997 0.0316 0.0071
1.299 0.194 0.0563715 326.5 -0.1404 0.0288 0.0083
1.307 0.193 0.0564553 349.2 -0.0657 0.0256 0.0066
1.303 0.178 0.0348949 10.5 0.0017 0.0884 0.008
1.301 0.178 0.03496 55.8 0.169 0.0838 0.0263
1.302 0.178 0.0348817 102 0.2688 0.0985 0.0464
1.286 0.178 0.0348725 123.3 0.0784 0.0998 0.0119
1.312 0.178 0.0348737 147.3 0.0045 0.0995 0.0078
1.293 0.179 0.0349513 169 0.0763 0.0965 0.0604
1.289 0.178 0.0349276 190.1 0.1338 0.104 0.0122
1.313 0.179 0.0350033 214 -0.1913 0.0995 0.0391
1.298 0.178 0.0347838 236.9 -0.3197 0.088 0.0324
1.273 0.178 0.0349444 258.8 -0.1879 0.0938 0.0177
1.255 0.179 0.0349445 281.7 -0.2109 0.0896 0.0163
1.294 0.178 0.0350009 325.9 -0.1744 0.1056 0.0142
1.297 0.177 0.0349604 349.4 -0.1268 0.0753 0.025
1.399 0.285 0.104336 10.4 0.0276 0.0924 0.0112
1.391 0.283 0.104301 55.9 0.0928 0.0888 0.0126
1.41 0.284 0.102489 78.8 0.1862 0.0933 0.0304
1.398 0.285 0.104341 101.3 0.1718 0.093 0.0266
1.403 0.283 0.103161 123.6 0.1789 0.0979 0.0365
1.389 0.285 0.102548 145.9 -0.06 0.1056 0.0243
1.406 0.284 0.102209 168.2 -0.0846 0.1081 0.0308
1.4 0.286 0.103671 189.7 0.0624 0.1115 0.0121
1.419 0.285 0.104479 213.8 -0.1103 0.1048 0.0199
1.402 0.284 0.103978 236.5 -0.0535 0.0992 0.0278
1.393 0.284 0.103179 258.6 -0.266 0.0877 0.0397
1.39 0.286 0.10244 281.5 -0.2352 0.1079 0.0224
1.405 0.285 0.103364 304.7 -0.0967 0.0832 0.0348
1.394 0.285 0.103784 325.6 0.0496 0.095 0.0245
1.403 0.285 0.104 349 -0.0501 0.0898 0.0215
1.699 0.115 0.0903577 11.8 0.0475 0.0117 0.0026
1.708 0.113 0.093185 33.4 0.1061 0.0111 0.0027
1.706 0.112 0.0929538 55 0.1651 0.0142 0.0043
1.719 0.111 0.0922347 76 0.1966 0.0233 0.0051
1.702 0.111 0.0888472 98.1 0.1104 0.0579 0.0033
1.677 0.115 0.0950845 125.9 0.2594 0.0779 0.0086
1.702 0.114 0.0953694 146.8 0.1362 0.0648 0.0042
1.699 0.113 0.09582 168.8 -0.0032 0.0611 0.0037
1.701 0.114 0.0946593 188.9 -0.004 0.069 0.0041
1.681 0.115 0.089243 211 0.149 0.1185 0.0068
1.645 0.114 0.0905771 234.1 -0.2919 0.2726 0.0086
1.722 0.109 0.0878802 263.9 -0.1196 0.0643 0.0061
1.72 0.111 0.0926274 283.9 -0.1374 0.0232 0.0034
1.708 0.113 0.0933194 305 -0.1509 0.0141 0.0045
1.708 0.113 0.093096 326.5 -0.0938 0.0111 0.0025
1.702 0.115 0.0904544 348.3 -0.0354 0.0118 0.0013
1.707 0.113 0.0541739 11.1 0.0263 0.0112 0.0026
1.705 0.112 0.0543532 33 0.0963 0.0124 0.0034
1.709 0.112 0.0540825 55 0.1126 0.0157 0.0044
1.718 0.111 0.0535944 77 0.169 0.0227 0.005
1.723 0.109 0.0515455 98.6 0.2075 0.0417 0.0062
1.702 0.107 0.0488158 119.2 0.1487 0.1304 0.0049
1.653 0.103 0.0475 144.7 0.5661 0.4971 0.0091
1.718 0.108 0.0480107 240.6 -0.2282 0.115 0.007
1.731 0.11 0.0521244 261.6 -0.1226 0.0426 0.0044
1.718 0.111 0.0533703 283 -0.1542 0.0216 0.0048
1.709 0.112 0.0541347 304.6 -0.1322 0.0152 0.0052
1.704 0.112 0.0541845 326.9 -0.0944 0.0126 0.0033
1.709 0.113 0.0541062 348.9 -0.0254 0.0113 0.0015
1.704 0.112 0.0268331 11 0.0305 0.0134 0.0052
1.704 0.112 0.0266163 33.4 0.0776 0.0145 0.0034
1.708 0.111 0.025969 55.6 0.1102 0.017 0.0097
1.713 0.111 0.0252325 77.7 0.1352 0.0205 0.0076
1.713 0.11 0.0234605 100 0.1534 0.0282 0.0098
1.717 0.109 0.0211568 122.4 0.0547 0.0403 0.0055
1.712 0.109 0.019023 145.5 0.0578 0.0539 0.009
1.719 0.109 0.0176461 169 0.0884 0.0657 0.0091
1.709 0.108 0.0177519 191.8 -0.0438 0.0697 0.0064
1.712 0.109 0.0188118 214.7 -0.1284 0.0541 0.0106
1.713 0.109 0.0211385 237.6 -0.1218 0.0409 0.0056
1.717 0.11 0.0237932 260.2 -0.1527 0.0275 0.0071
1.711 0.111 0.0257991 282 -0.1483 0.0204 0.0077
1.705 0.111 0.0260628 304.3 -0.1076 0.0168 0.0066
1.704 0.112 0.0266673 326.7 -0.0752 0.0146 0.0067
1.704 0.112 0.0270495 349 -0.0102 0.0134 0.0036
1.987 0.138 0.094512 10.9 0.0364 0.0059 0.0017
1.992 0.137 0.0945223 32.6 0.0976 0.0071 0.0026
1.999 0.137 0.0936391 54.5 0.1511 0.0106 0.0038
1.966 0.142 0.0914339 77.3 0.2185 0.0174 0.0066
1.909 0.148 0.0914769 101.4 0.1941 0.0208 0.0064
1.906 0.146 0.0926064 123.8 0.2148 0.0207 0.006
1.92 0.146 0.0923918 146.3 0.1289 0.0203 0.0034
1.935 0.145 0.0925653 168.7 0.0585 0.0208 0.0026
1.931 0.145 0.0922377 190.4 -0.0794 0.0233 0.0027
1.925 0.149 0.0918243 212.8 -0.1183 0.0301 0.0037
1.901 0.151 0.0890941 234.9 -0.213 0.04 0.0084
1.921 0.148 0.0888855 259.3 -0.2065 0.0494 0.0064
2.038 0.134 0.091741 284.4 -0.1668 0.0231 0.0045
2.019 0.134 0.0939845 306.1 -0.1252 0.0109 0.0032
1.999 0.136 0.0946407 327.4 -0.1182 0.007 0.0034
1.99 0.138 0.0945404 349.1 -0.0332 0.0059 0.0011
1.98 0.136 0.0551901 10.8 0.0406 0.0079 0.0022
1.984 0.136 0.0549372 32.8 0.0896 0.0092 0.004
1.987 0.137 0.0545097 54.8 0.1278 0.0126 0.0048
1.955 0.141 0.053726 77.8 0.1647 0.0177 0.0057
1.9 0.145 0.0540244 100.8 0.2031 0.0216 0.0063
1.892 0.146 0.0543743 123.9 0.1898 0.023 0.0081
1.911 0.146 0.0544703 146.5 0.0931 0.023 0.0041
1.911 0.145 0.0544632 168.5 0.032 0.0229 0.0037
1.916 0.145 0.0542719 190.6 -0.0184 0.0254 0.0031
1.916 0.147 0.053583 213 -0.1211 0.0299 0.0054
1.911 0.149 0.0528662 235.7 -0.1742 0.0363 0.0083
1.947 0.145 0.052464 259.8 -0.1967 0.0335 0.0064
2.01 0.136 0.053503 283.2 -0.1541 0.0217 0.0052
2.005 0.134 0.0546091 305.4 -0.1224 0.0131 0.0053
1.988 0.135 0.0550766 327.1 -0.1049 0.0093 0.0035
1.981 0.135 0.0552864 349 -0.0306 0.008 0.0014
1.957 0.133 0.0304515 11.1 0.032 0.0118 0.0022
1.96 0.133 0.0301723 33.3 0.0841 0.0132 0.003
1.964 0.134 0.0296893 55.5 0.125 0.0158 0.003
1.953 0.136 0.0292631 78.1 0.1267 0.0195 0.0038
1.92 0.138 0.0288711 101 0.1586 0.0234 0.005
1.895 0.14 0.0290818 123.1 0.1401 0.0264 0.0052
1.868 0.14 0.0293523 146.1 0.1071 0.0283 0.0049
1.881 0.142 0.0297299 168.6 0.04 0.0288 0.0044
1.887 0.141 0.0294618 191.2 0.0197 0.031 0.0034
1.892 0.142 0.0289582 213.5 -0.0844 0.0307 0.0056
1.921 0.14 0.0282849 236.3 -0.1224 0.0311 0.0072
1.965 0.137 0.0284482 259.5 -0.1802 0.0264 0.0047
1.978 0.135 0.0290674 282.3 -0.1531 0.0212 0.0038
1.979 0.133 0.0295918 304.9 -0.1096 0.0162 0.003
1.968 0.133 0.0303572 326.7 -0.0695 0.0133 0.0028
1.963 0.133 0.0305374 349 -0.0394 0.0119 0.0025
1.979 0.207 0.09453 11.2 0.0227 0.0133 0.0066
1.989 0.207 0.0942064 33.6 0.1544 0.0136 0.0063
2.01 0.206 0.0939585 55.9 0.204 0.0149 0.0086
2.02 0.205 0.0932732 78.4 0.2332 0.0161 0.0079
2.023 0.205 0.0935111 101.1 0.2811 0.0178 0.0095
2.027 0.205 0.0938084 123.6 0.2175 0.0192 0.0077
2.026 0.204 0.0935593 145.9 0.1628 0.0204 0.0103
2.023 0.205 0.0935274 168.6 0.0378 0.0211 0.007
2.017 0.206 0.0934565 190.9 -0.0672 0.0222 0.0051
2.018 0.208 0.0929453 213.3 -0.1562 0.0235 0.009
2.017 0.209 0.0925076 236.3 -0.1951 0.0243 0.0105
2.011 0.212 0.092216 258.4 -0.263 0.0244 0.0109
2.003 0.213 0.0916193 281.6 -0.2501 0.0239 0.0085
1.992 0.213 0.0921409 304.3 -0.2461 0.0209 0.0135
1.994 0.211 0.0927243 327.3 -0.1668 0.0174 0.0069
1.99 0.208 0.0940506 349.3 -0.0751 0.0143 0.0034
1.993 0.192 0.0565219 11.2 0.0545 0.0202 0.0046
1.989 0.191 0.056434 33.8 0.1374 0.0204 0.0045
2 0.191 0.0561501 56.1 0.1765 0.0212 0.0058
2.014 0.191 0.0561275 78.3 0.2426 0.0218 0.0086
2.014 0.192 0.0560826 101.1 0.2448 0.024 0.0109
2.022 0.192 0.0559537 123.6 0.1825 0.0255 0.0078
2.023 0.191 0.055646 146.2 0.1407 0.0264 0.0053
2.03 0.192 0.0560378 168.6 0.0268 0.0283 0.0082
2.021 0.193 0.0558869 191.2 -0.1111 0.0289 0.0112
2.015 0.192 0.055624 213.7 -0.1007 0.0297 0.0047
2.015 0.193 0.0555382 236.4 -0.2235 0.0295 0.0069
2.012 0.193 0.0555242 258.9 -0.2022 0.0289 0.0071
2.011 0.194 0.0556362 281.6 -0.2504 0.0277 0.0096
2.007 0.194 0.0556525 304 -0.1864 0.0251 0.0076
1.999 0.192 0.0561139 326.6 -0.1555 0.0232 0.0062
1.994 0.192 0.0562724 349 -0.025 0.0209 0.0032
1.991 0.178 0.0350002 10.6 0.0789 0.0648 0.0142
1.985 0.177 0.035 33.7 0.1308 0.0717 0.0096
1.96 0.177 0.0350003 56.1 0.1095 0.0705 0.0109
1.976 0.177 0.0349615 78.6 0.1275 0.0731 0.0127
1.996 0.177 0.0350005 100.8 0.1426 0.0759 0.01
1.996 0.178 0.035 123.2 0.2452 0.075 0.0172
2.005 0.178 0.035 146.1 0.2312 0.0811 0.0125
2.001 0.178 0.035 168.7 -0.0379 0.0827 0.0084
1.99 0.178 0.035 191.7 -0.0768 0.0888 0.009
2.005 0.178 0.035 213.6 -0.1241 0.0833 0.0154
2.001 0.178 0.035 236 -0.1092 0.0808 0.0093
2.026 0.178 0.0350006 258.5 -0.1295 0.0805 0.0081
2.03 0.177 0.035 281.2 -0.3677 0.0762 0.0186
1.971 0.177 0.035 326.8 -0.0591 0.0738 0.0217
1.995 0.178 0.0349676 348.7 -0.0427 0.067 0.0296
1.981 0.285 0.105663 11.1 0.0362 0.0558 0.0232
1.999 0.285 0.1062 78.3 0.152 0.0655 0.025
1.995 0.286 0.105656 101.1 0.06 0.0713 0.013
1.988 0.285 0.105016 123.8 -0.0805 0.0712 0.0158
1.974 0.285 0.105179 146 0.1151 0.0721 0.0176
1.979 0.287 0.105001 168.7 0.0336 0.0732 0.0315
1.976 0.285 0.105077 190.7 -0.0582 0.072 0.0295
1.991 0.285 0.104468 213.8 -0.0891 0.0714 0.019
1.977 0.287 0.104823 235.9 -0.057 0.0709 0.0253
1.963 0.286 0.10477 259.2 -0.1476 0.0716 0.031
1.986 0.286 0.106199 281.3 -0.1079 0.0687 0.0144
1.98 0.285 0.105112 326.4 -0.159 0.0608 0.0185
1.998 0.286 0.106352 349.3 0.0377 0.0563 0.01
2.505 0.162 0.094363 10.9 0.0011 0.0199 0.0037
2.506 0.162 0.0945565 32.8 0.0578 0.0233 0.004
2.515 0.161 0.0939343 54.4 0.1509 0.0354 0.0042
2.51 0.159 0.090697 73.9 0.0466 0.0881 0.0078
2.484 0.165 0.0952882 103.8 0.1172 0.1454 0.0099
2.504 0.164 0.0934656 125.1 0.1704 0.1002 0.0103
2.521 0.163 0.094751 145.8 0.1907 0.0813 0.0062
2.531 0.161 0.0934065 168.2 -0.0085 0.0893 0.0088
2.521 0.162 0.0935436 189.6 -0.0231 0.0952 0.0056
2.485 0.165 0.0893015 212.5 0.13 0.1372 0.0038
2.481 0.164 0.0853973 234.6 0.0508 0.2434 0.0084
2.598 0.164 0.1025 261.7 0.5475 0.4797 0.0156
2.521 0.158 0.0904386 286.7 -0.2563 0.0846 0.0075
2.515 0.161 0.0942971 306.2 -0.1571 0.0343 0.0043
2.505 0.162 0.0948569 327.2 -0.049 0.0234 0.0039
2.502 0.162 0.0944282 348.9 -0.0268 0.0204 0.0038
2.509 0.162 0.0561372 11.1 0.0357 0.0301 0.0045
2.511 0.162 0.0554791 33 0.1338 0.033 0.0044
2.516 0.16 0.0561673 54.4 0.1084 0.0499 0.0035
2.524 0.16 0.0566071 75 0.2033 0.104 0.006
2.47 0.165 0.0534616 101.1 0.3106 0.1677 0.0228
2.485 0.165 0.0569444 123.1 0.1218 0.1298 0.0035
2.495 0.164 0.0550807 146 -0.0323 0.1284 0.0009
2.511 0.165 0.0583624 169.2 0.0196 0.1172 0.0006
2.49 0.163 0.0542093 190.3 -0.0988 0.1101 0.0086
2.479 0.165 0.0537262 213.5 0.0716 0.1388 0.0021
2.481 0.165 0.0522727 234.2 -0.1993 0.2324 0.0057
2.463 0.164 0.05 258.1 -0.1346 0.2698 0.0069
2.509 0.158 0.0548077 284.9 -0.2152 0.0894 0.0073
2.511 0.16 0.0558861 305.8 -0.1419 0.0477 0.0052
2.509 0.161 0.0560274 327 -0.0815 0.0336 0.0061
2.508 0.162 0.0558633 349.3 -0.06 0.0296 0.0041
2.506 0.159 0.0329762 12 0.0359 0.0719 0.0459
2.51 0.159 0.0326303 32.5 0.202 0.0767 0.0321
2.506 0.158 0.0321875 55 0.1385 0.1955 0.1186
2.508 0.157 0.0316197 77.7 0.2723 0.1315 0.0633
2.513 0.156 0.0283333 101.6 -0.4251 0.2287 0.0857
2.623 0.161 0.0333333 120.7 0.3695 0.429 0.0931
2.531 0.156 0.027 169.4 -0.7012 0.4095 0.0899
2.502 0.156 0.025 197.1 0.4359 0.6715 0.0434
2.571 0.158 0.029 214.2 -0.228 0.4953 0.1385
2.545 0.156 0.0292857 235.7 -0.1606 0.4199 0.0803
2.513 0.156 0.0285714 260.4 -0.2505 0.2104 0.0697
2.512 0.157 0.0314384 282.9 0.112 0.1331 0.0472
2.518 0.159 0.0322917 305.2 -0.1607 0.0944 0.0453
2.521 0.16 0.0327369 326.5 0.0373 0.0826 0.025
2.798 0.195 0.0968267 11 0.0405 0.0111 0.0016
2.807 0.198 0.09613 32.8 0.1092 0.0133 0.0032
2.789 0.207 0.0949842 55.4 0.174 0.0175 0.0055
2.757 0.214 0.093917 78.5 0.2437 0.0206 0.007
2.756 0.215 0.094284 101.4 0.2341 0.0214 0.0059
2.76 0.213 0.0940305 123.6 0.1856 0.0222 0.0053
2.771 0.212 0.0934781 146.2 0.1282 0.0224 0.0057
2.767 0.211 0.0934257 168.5 0.0298 0.0227 0.0016
2.771 0.212 0.0938179 190.8 -0.0217 0.0245 0.0023
2.775 0.214 0.0928846 213.3 -0.1105 0.0268 0.0035
2.773 0.22 0.0930615 235.7 -0.2349 0.0295 0.0063
2.771 0.222 0.0918863 258.7 -0.2334 0.031 0.0086
2.797 0.22 0.0924472 282 -0.1741 0.028 0.0085
2.83 0.204 0.0940097 305.3 -0.1507 0.0206 0.0045
2.814 0.196 0.0959719 327.3 -0.1125 0.0137 0.0028
2.799 0.194 0.0968182 349.2 -0.0025 0.0111 0.0009
2.787 0.189 0.0580836 11.1 0.0516 0.023 0.0032
2.792 0.19 0.0579089 33 0.0719 0.0254 0.0024
2.765 0.192 0.0574715 55.8 0.1272 0.03 0.0048
2.746 0.197 0.0573391 78.4 0.1498 0.0345 0.0054
2.733 0.199 0.0576335 101.5 0.1698 0.0366 0.0051
2.722 0.198 0.0572024 123.4 0.1806 0.0365 0.0058
2.723 0.198 0.0573321 146 0.0963 0.0385 0.0051
2.711 0.197 0.0567675 168.8 0.0403 0.0379 0.0074
2.726 0.198 0.0575447 191.3 -0.0522 0.0384 0.0041
2.741 0.197 0.0571295 213.7 -0.1473 0.0407 0.0069
2.731 0.199 0.056719 235.9 -0.1058 0.0406 0.007
2.743 0.2 0.0562235 258.3 -0.205 0.0433 0.0081
2.763 0.197 0.0564845 281.9 -0.1712 0.04 0.0072
2.784 0.193 0.0571235 304.7 -0.1494 0.0326 0.0047
2.799 0.189 0.058141 327.1 -0.0535 0.026 0.0016
2.786 0.188 0.0580853 349.1 -0.0195 0.0227 0.0042
2.769 0.175 0.035 11.6 -0.1939 0.1771 0.0029
2.789 0.177 0.035 32.7 -0.1161 0.1277 0.0095
2.803 0.178 0.035 56.9 0.1877 0.1441 0.0067
2.758 0.177 0.035 79.1 -0.0358 0.2003 0.0224
2.687 0.178 0.035 100.5 0.3781 0.1783 0.0464
2.697 0.179 0.035 122.4 -0.0608 0.1844 0.0146
2.782 0.18 0.035 146.7 -0.1105 0.2035 0.0235
2.624 0.177 0.035 167.6 0.1544 0.2115 0.005
2.666 0.18 0.035 191.8 0.0538 0.2282 0.0016
2.663 0.177 0.035 213.6 -0.5383 0.1653 0.015
2.72 0.181 0.035 237.1 0.036 0.2058 0.0083
2.712 0.178 0.035 260 -0.0278 0.1763 0.0108
2.806 0.176 0.035 283 -0.1003 0.1489 0.0088
2.773 0.177 0.035 305.3 -0.021 0.1564 0.0081
2.779 0.177 0.035 328 -0.0313 0.1476 0.0146
2.778 0.176 0.035 349.6 -0.2836 0.1126 0.0207
2.811 0.283 0.107111 11 0.0025 0.0592 0.018
2.796 0.284 0.106028 33.5 0.1073 0.0651 0.0104
2.81 0.283 0.106675 56.3 0.15 0.0675 0.0132
2.808 0.283 0.106596 78.5 0.2384 0.0647 0.0112
2.812 0.283 0.105457 100.3 0.1147 0.0736 0.0134
2.813 0.284 0.105827 124 0.1554 0.071 0.022
2.826 0.284 0.105311 146.3 0.1891 0.0755 0.0154
2.836 0.284 0.105484 167.9 0.0897 0.0761 0.0306
2.844 0.285 0.106406 191.1 0.0497 0.0777 0.0187
2.847 0.285 0.106265 213.5 0.0361 0.0844 0.0209
2.781 0.283 0.105443 236.5 -0.1039 0.0878 0.0096
2.825 0.285 0.106893 259.6 -0.363 0.0755 0.0167
2.802 0.284 0.10678 304.2 -0.1031 0.0703 0.0134
2.828 0.284 0.106805 326.3 -0.0982 0.0657 0.0089
2.82 0.283 0.106625 349.4 -0.0797 0.0658 0.017
3.504 0.225 0.0984794 10.7 0.0204 0.0282 0.0049
3.511 0.228 0.0979199 32.9 0.1004 0.0338 0.0062
3.522 0.237 0.0970705 55.7 0.0596 0.0434 0.0098
3.523 0.242 0.0975547 78.7 0.2083 0.0497 0.007
3.565 0.243 0.0979035 101.3 0.1593 0.0491 0.0053
3.568 0.243 0.0962608 123.9 0.0941 0.0485 0.0068
3.551 0.242 0.0966882 146.1 0.1054 0.0493 0.0079
3.573 0.242 0.0969257 168.7 -0.0241 0.048 0.0042
3.57 0.242 0.0956928 191.3 -0.0957 0.0516 0.0065
3.565 0.243 0.0952997 214 -0.1216 0.0557 0.0092
3.551 0.245 0.0941724 236.1 -0.2027 0.0605 0.0076
3.55 0.245 0.0941346 258.2 -0.1708 0.0649 0.0063
3.536 0.24 0.0930691 282.5 -0.2316 0.0623 0.0102
3.521 0.234 0.0942456 304.9 -0.1473 0.0489 0.0085
3.516 0.228 0.0977069 327.3 -0.14 0.034 0.0072
3.506 0.226 0.0985757 349.3 -0.0108 0.0277 0.0054
3.422 0.219 0.0613866 33.9 -0.0891 0.1051 0.0099
3.443 0.221 0.0606624 78.2 0.0552 0.1161 0.0105
3.396 0.223 0.060785 102.4 0.2733 0.1189 0.0111
3.414 0.223 0.0624657 123.9 0.2562 0.1159 0.0127
3.428 0.224 0.0623289 146.5 -0.01 0.1148 0.0085
3.414 0.226 0.0627854 168.5 -0.0957 0.1156 0.0067
3.437 0.226 0.0624676 192 0.0166 0.1218 0.0031
3.399 0.222 0.0610031 214 -0.1196 0.1212 0.0089
3.424 0.224 0.061773 235.7 0.1024 0.1194 0.0046
3.419 0.223 0.0609015 259.2 -0.0495 0.1219 0.0117
3.448 0.218 0.0600429 303.9 -0.3247 0.1189 0.0131
3.422 0.217 0.061051 326.8 0.0654 0.091 0.0094
3.428 0.215 0.0611734 349.2 -0.0296 0.0924 0.003
3.795 0.283 0.1068 12 -0.041 0.1109 0.0152
3.818 0.284 0.107728 33.9 0.0124 0.0698 0.0078
3.85 0.284 0.107464 55.6 0.0674 0.0676 0.0076
3.866 0.285 0.107947 78.2 0.0882 0.0739 0.0069
3.845 0.284 0.10694 100.5 0.1836 0.0688 0.0102
3.938 0.284 0.107312 123.3 0.0936 0.07 0.0087
3.971 0.284 0.107933 146.2 0.1398 0.0699 0.0098
3.916 0.285 0.106948 168.3 0.138 0.0707 0.0074
3.947 0.284 0.107784 190.8 -0.0571 0.0783 0.0127
3.888 0.284 0.106508 213.8 -0.1109 0.0793 0.007
3.899 0.283 0.106194 236.6 -0.2254 0.0838 0.0112
3.864 0.286 0.106472 259.7 -0.0248 0.0828 0.0107
3.798 0.284 0.106967 326.3 -0.1458 0.0711 0.0078
